{"61cde978-e9ed-11ef-9cd2-0242ac120002":{"name":"MooMoo_head_M","cmpt_tag":"single_point_01","guides_data":[{"name":"MooMoo_head_M_point","world_matrix":[0,0,0.9999999999999984,0,0,1.0000000000000009,0,0,-1.0000000000000049,0,0,0,-0.00035901766926882113,8.24659499945389,5.543019734735086,1]}],"settings":{"inputs":[{"name":"componentPosition","index":0,"type":"doubleMatrix"}],"outputs":[{"name":"outputWorldMatrix","index":0,"type":"doubleMatrix"}],"joints":true,"create_control":true,"movable_pivot":false}},"6bdbf43c-e9ed-11ef-9cd2-0242ac120002":{"name":"MooMoo_backLegIK_R","cmpt_tag":"quadruped_back_leg_01","guides_data":[{"name":"MooMoo_backLegIK_R_femur","world_matrix":[0,-0.9998164473404744,0.019159113431273238,0,0,-0.01915911343127319,-0.9998164473404744,0,1,0,0,0,-1.522571627966593,6.65410866708305,-1.9970799385169415,1]},{"name":"MooMoo_backLegIK_R_knee","world_matrix":[0,-0.7462342557239916,-0.665683434962941,0,0,0.665683434962941,-0.7462342557239916,0,1,0,0,0,-1.522571627966593,4.3072808019337145,-1.9521085426255542,1]},{"name":"MooMoo_backLegIK_R_heel","world_matrix":[0,-0.9254360958243224,0.3789037246391692,0,0,-0.3789037246391692,-0.9254360958243224,0,1,0,0,0,-1.522571627966593,2.5879749314560456,-3.48582724936212,1]},{"name":"MooMoo_backLegIK_R_ankle","world_matrix":[0,-0.9254360958243224,0.3789037246391692,0,0,-0.3789037246391692,-0.9254360958243224,0,1,0,0,0,-1.522571627966593,0.6972995417899905,-2.7117230724659622,1]}],"settings":{"inputs":[{"name":"componentPosition","index":0,"type":"doubleMatrix"},{"name":"start_wMtx","index":1,"type":"doubleMatrix"},{"name":"endPos_offsetMtx","index":2,"type":"doubleMatrix"}],"outputs":[{"name":"hipOutputMatrix","index":0,"type":"doubleMatrix"},{"name":"kneeOutputMatrix","index":1,"type":"doubleMatrix"},{"name":"heelOutputMatrix","index":2,"type":"doubleMatrix"},{"name":"ankleOutputMatrix","index":3,"type":"doubleMatrix"}],"joints":false,"pole_vector_distance":6.5,"orient_ankle_to_world":true}},"6f117adc-e9ed-11ef-9cd2-0242ac120002":{"name":"MooMoo_spineIK_M","cmpt_tag":"quadruped_spine_01","guides_data":[{"name":"MooMoo_spineIK_M_back","world_matrix":[-1.1102230246251339e-15,-0.10736800553548635,0.994219347723273,0,-1.4571677198205182e-16,0.9942193477232938,0.10736800553548859,0,-1.000000000000015,-1.3877787807814666e-17,-1.1102230246251733e-15,0,2.570630968968606e-15,6.43653192841465,-1.586113638183408,1]},{"name":"MooMoo_spineIK_M_mid","world_matrix":[-1.1102230246251508e-15,-0.107368005535488,0.9942193477232882,0,-1.457167719820518e-16,0.9942193477232936,0.10736800553548856,0,-1,-1.3877787807814457e-17,-1.1102230246251565e-15,0,-3.953320540490844e-16,6.1496938919101245,1.06994542700892,1]},{"name":"MooMoo_spineIK_M_chest","world_matrix":[-1.1195414441156496e-15,0.003947005885310453,0.9999922105419264,0,-0.00014652929193669778,0.9999921998066006,-0.0039470058429365434,0,-0.9999999892645881,-0.0001465281505529158,5.783519765340497e-7,0,-3.609827451479184e-15,5.79014432845619,3.9496847871800003,1]}],"settings":{"inputs":[{"name":"componentPosition","index":0,"type":"doubleMatrix"}],"outputs":[{"name":"outputMatrix001","index":0,"type":"doubleMatrix"},{"name":"outputMatrix002","index":1,"type":"doubleMatrix"},{"name":"outputMatrix003","index":2,"type":"doubleMatrix"},{"name":"outputMatrix004","index":3,"type":"doubleMatrix"},{"name":"outputMatrix005","index":4,"type":"doubleMatrix"}],"joints":false,"n_points":5}},"714efa72-e9ed-11ef-9cd2-0242ac120002":{"name":"MooMoo_tailFK_M","cmpt_tag":"fk_tail_01","guides_data":[{"name":"MooMoo_tailFK_M_FK001","world_matrix":[0,-0.6743023875837234,-0.7384553406258838,0,0,0.7384553406258837,-0.6743023875837233,0,1,0,0,0,0,7.501270103254615,-3.0150782575611896,1]},{"name":"MooMoo_tailFK_M_FK002","world_matrix":[0,-0.6743023875837234,-0.7384553406258838,0,0,0.7384553406258837,-0.6743023875837233,0,1,0,0,0,0,7.359120200109261,-3.1707522653654383,1]},{"name":"MooMoo_tailFK_M_FK003","world_matrix":[0,-0.6743023875837234,-0.7384553406258838,0,0,0.7384553406258837,-0.6743023875837233,0,1,0,0,0,0,7.210722805476524,-3.3332681493654697,1]},{"name":"MooMoo_tailFK_M_FK004","world_matrix":[0,-0.6743023875837234,-0.7384553406258838,0,0,0.7384553406258837,-0.6743023875837233,0,1,0,0,0,0,7.056005519450389,-3.502705197575439,1]},{"name":"MooMoo_tailFK_M_FK005","world_matrix":[0,-0.6743023875837234,-0.7384553406258838,0,0,0.7384553406258837,-0.6743023875837233,0,1,0,0,0,0,6.896500835038317,-3.6773851160034683,1]},{"name":"MooMoo_tailFK_M_FK006","world_matrix":[0,-0.6743023875837234,-0.7384553406258838,0,0,0.7384553406258837,-0.6743023875837233,0,1,0,0,0,0,6.731599361964687,-3.8579752721567737,1]},{"name":"MooMoo_tailFK_M_FK007","world_matrix":[0,-0.6743023875837234,-0.7384553406258838,0,0,0.7384553406258837,-0.6743023875837233,0,1,0,0,0,0,6.566715425874388,-4.038546222862738,1]},{"name":"MooMoo_tailFK_M_FK008","world_matrix":[0,-0.6743023875837234,-0.7384553406258838,0,0,0.7384553406258837,-0.6743023875837233,0,1,0,0,0,0,6.401831506949676,-4.219117154769987,1]},{"name":"MooMoo_tailFK_M_FK009","world_matrix":[0,-0.6743023875837234,-0.7384553406258838,0,0,0.7384553406258837,-0.6743023875837233,0,1,0,0,0,0,6.231339178391932,-4.405830078937937,1]},{"name":"MooMoo_tailFK_M_FK010","world_matrix":[0,-0.6743023875837234,-0.7384553406258838,0,0,0.7384553406258837,-0.6743023875837233,0,1,0,0,0,0,6.055241470990541,-4.598681676228772,1]},{"name":"MooMoo_tailFK_M_FK011","world_matrix":[0,-0.6743023875837234,-0.7384553406258838,0,0,0.7384553406258837,-0.6743023875837233,0,1,0,0,0,0,5.87914214747081,-4.791535043394989,1]},{"name":"MooMoo_tailFK_M_FK012","world_matrix":[0,-0.6743023875837234,-0.7384553406258838,0,0,0.7384553406258837,-0.6743023875837233,0,1,0,0,0,0,5.7030442042909115,-4.9843868988962265,1]},{"name":"MooMoo_tailFK_M_FK013","world_matrix":[0,-0.6743023875837234,-0.7384553406258838,0,0,0.7384553406258837,-0.6743023875837233,0,1,0,0,0,0,5.52694531799699,-5.177239787239077,1]},{"name":"MooMoo_tailFK_M_FK014","world_matrix":[0,-0.6743023875837234,-0.7384553406258838,0,0,0.7384553406258837,-0.6743023875837233,0,1,0,0,0,0,5.35054391638147,-5.370423972132198,1]},{"name":"MooMoo_tailFK_M_FK015","world_matrix":[0,-0.6743023875837234,-0.7384553406258838,0,0,0.7384553406258837,-0.6743023875837233,0,1,0,0,0,0,5.174749213024262,-5.562943737653231,1]},{"name":"MooMoo_tailFK_M_FK016","world_matrix":[0,-0.6743023875837234,-0.7384553406258838,0,0,0.7384553406258837,-0.6743023875837233,0,1,0,0,0,0,5.000018227602085,-5.754298583392693,1]},{"name":"MooMoo_tailFK_M_FK017","world_matrix":[0,-0.6743023875837234,-0.7384553406258838,0,0,0.7384553406258837,-0.6743023875837233,0,1,0,0,0,0,4.864523560566909,-5.902684177661443,1]},{"name":"MooMoo_tailFK_M_FK018","world_matrix":[0,-0.6743023875837234,-0.7384553406258838,0,0,0.7384553406258837,-0.6743023875837233,0,1,0,0,0,0,4.729028893531732,-6.05106977193019,1]}],"settings":{"inputs":[{"name":"componentPosition","index":0,"type":"doubleMatrix"}],"outputs":[{"name":"outputMatrix001","index":0,"type":"doubleMatrix"},{"name":"outputMatrix002","index":1,"type":"doubleMatrix"},{"name":"outputMatrix003","index":2,"type":"doubleMatrix"},{"name":"outputMatrix004","index":3,"type":"doubleMatrix"},{"name":"outputMatrix005","index":4,"type":"doubleMatrix"},{"name":"outputMatrix006","index":5,"type":"doubleMatrix"},{"name":"outputMatrix007","index":6,"type":"doubleMatrix"},{"name":"outputMatrix008","index":7,"type":"doubleMatrix"},{"name":"outputMatrix009","index":8,"type":"doubleMatrix"},{"name":"outputMatrix010","index":9,"type":"doubleMatrix"},{"name":"outputMatrix011","index":10,"type":"doubleMatrix"},{"name":"outputMatrix012","index":11,"type":"doubleMatrix"},{"name":"outputMatrix013","index":12,"type":"doubleMatrix"},{"name":"outputMatrix014","index":13,"type":"doubleMatrix"},{"name":"outputMatrix015","index":14,"type":"doubleMatrix"},{"name":"outputMatrix016","index":15,"type":"doubleMatrix"},{"name":"outputMatrix017","index":16,"type":"doubleMatrix"},{"name":"outputMatrix018","index":17,"type":"doubleMatrix"}],"joints":true,"n_points":18,"masters_positions":[0,8]}},"75de4b10-e9ed-11ef-9cd2-0242ac120002":{"name":"MooMoo_global_M","cmpt_tag":"global_01","guides_data":[{"name":"MooMoo_global_M_root","world_matrix":[1.0000000000000002,0,0,0,0,1,0,0,0,0,1.0000000000000002,0,0,0,0,1]}],"settings":{"inputs":[{"name":"componentPosition","index":0,"type":"doubleMatrix"}],"outputs":[{"name":"globalOutput","index":0,"type":"doubleMatrix"}],"n_offsets":1}},"786a7020-e9ed-11ef-9cd2-0242ac120002":{"name":"MooMoo_backLegIK_L","cmpt_tag":"quadruped_back_leg_01","guides_data":[{"name":"MooMoo_backLegIK_L_femur","world_matrix":[0,-0.9998164473404744,0.019159113431273238,0,0,-0.01915911343127319,-0.9998164473404744,0,1,0,0,0,1.522571627966593,6.65410866708305,-1.9970799385169415,1]},{"name":"MooMoo_backLegIK_L_knee","world_matrix":[0,-0.7462342557239916,-0.665683434962941,0,0,0.665683434962941,-0.7462342557239916,0,1,0,0,0,1.522571627966593,4.3072808019337145,-1.9521085426255542,1]},{"name":"MooMoo_backLegIK_L_heel","world_matrix":[0,-0.9254360958243224,0.3789037246391692,0,0,-0.3789037246391692,-0.9254360958243224,0,1,0,0,0,1.522571627966593,2.5879749314560456,-3.48582724936212,1]},{"name":"MooMoo_backLegIK_L_ankle","world_matrix":[0,-0.9254360958243224,0.3789037246391692,0,0,-0.3789037246391692,-0.9254360958243224,0,1,0,0,0,1.522571627966593,0.6972995417899905,-2.7117230724659622,1]}],"settings":{"inputs":[{"name":"componentPosition","index":0,"type":"doubleMatrix"},{"name":"start_wMtx","index":1,"type":"doubleMatrix"},{"name":"endPos_offsetMtx","index":2,"type":"doubleMatrix"}],"outputs":[{"name":"hipOutputMatrix","index":0,"type":"doubleMatrix"},{"name":"kneeOutputMatrix","index":1,"type":"doubleMatrix"},{"name":"heelOutputMatrix","index":2,"type":"doubleMatrix"},{"name":"ankleOutputMatrix","index":3,"type":"doubleMatrix"}],"joints":false,"pole_vector_distance":6.5,"orient_ankle_to_world":true}},"7cc1eaae-e9ed-11ef-9cd2-0242ac120002":{"name":"MooMoo_pelvis_M","cmpt_tag":"single_point_01","guides_data":[{"name":"MooMoo_pelvis_M_point","world_matrix":[0,-0.9999999999999999,0,0,0,0,-1,0,1,0,0,0,1.531693447805701e-17,6.936877280062826,-2.3509550252354146,1]}],"settings":{"inputs":[{"name":"componentPosition","index":0,"type":"doubleMatrix"}],"outputs":[{"name":"outputWorldMatrix","index":0,"type":"doubleMatrix"}],"joints":false,"create_control":false,"movable_pivot":false}},"6101b67f-e9f0-11ef-b6c5-846993801060":{"name":"MooMoo_spineFK_M","cmpt_tag":"fk_chain_01","guides_data":[{"name":"MooMoo_spineFK_M_FK001","world_matrix":[-1.1102230246251396e-15,-0.10736800553548691,0.9942193477232782,0,-1.4571677198205182e-16,0.9942193477232938,0.10736800553548859,0,-1.0000000000000098,-1.3877787807814592e-17,-1.1102230246251674e-15,0,2.570630968968606e-15,6.436531928414649,-1.5861136381834076,1]},{"name":"MooMoo_spineFK_M_FK002","world_matrix":[-1.1102230246251479e-15,-0.10736800553548771,0.9942193477232858,0,-1.4571677198205231e-16,0.9942193477232971,0.10736800553548895,0,-1.0000000000000104,-1.3877787807814602e-17,-1.1102230246251682e-15,0,1.0234125980815862e-15,6.286918985976173,-0.2007032073838133,1]},{"name":"MooMoo_spineFK_M_FK003","world_matrix":[-1.1102230246251303e-15,-0.10736800553548602,0.9942193477232701,0,-1.4571677198205177e-16,0.9942193477232935,0.10736800553548856,0,-1.0000000000000182,-1.387778780781471e-17,-1.1102230246251769e-15,0,-3.9533205404908447e-16,6.149693891910123,1.0699454270089201,1]},{"name":"MooMoo_spineFK_M_FK004","world_matrix":[-1.1102230246251317e-15,-0.10736800553548616,0.9942193477232715,0,-1.4571677198205212e-16,0.9942193477232959,0.10736800553548882,0,-1.0000000000000189,-1.387778780781472e-17,-1.1102230246251776e-15,0,-2.1701790136157505e-15,5.978103149010556,2.6589121658807593,1]},{"name":"MooMoo_spineFK_M_FK005","world_matrix":[-1.119541444115603e-15,0.003947005885312382,0.9999922105418853,0,-0.00014652929193670022,0.9999921998066003,-0.003947005842934365,0,-0.999999989264629,-0.00014652815055291935,5.78351976533738e-7,0,-3.609827451479183e-15,5.790144328456191,3.94968478718,1]}],"settings":{"inputs":[{"name":"componentPosition","index":0,"type":"doubleMatrix"}],"outputs":[{"name":"outputMatrix001","index":0,"type":"doubleMatrix"},{"name":"outputMatrix002","index":1,"type":"doubleMatrix"},{"name":"outputMatrix003","index":2,"type":"doubleMatrix"},{"name":"outputMatrix004","index":3,"type":"doubleMatrix"},{"name":"outputMatrix005","index":4,"type":"doubleMatrix"}],"joints":false,"n_points":5}},"c8dc513b-e9f0-11ef-8f2c-846993801060":{"name":"MooMoo_spineBlend_M","cmpt_tag":"components_blend_01","guides_data":{},"settings":{"inputs":[{"name":"cmpt01_wMtx001","index":0,"type":"doubleMatrix"},{"name":"cmpt01_wMtx002","index":1,"type":"doubleMatrix"},{"name":"cmpt01_wMtx003","index":2,"type":"doubleMatrix"},{"name":"cmpt01_wMtx004","index":3,"type":"doubleMatrix"},{"name":"cmpt01_wMtx005","index":4,"type":"doubleMatrix"},{"name":"cmpt02_wMtx001","index":5,"type":"doubleMatrix"},{"name":"cmpt02_wMtx002","index":6,"type":"doubleMatrix"},{"name":"cmpt02_wMtx003","index":7,"type":"doubleMatrix"},{"name":"cmpt02_wMtx004","index":8,"type":"doubleMatrix"},{"name":"cmpt02_wMtx005","index":9,"type":"doubleMatrix"}],"outputs":[{"name":"outputBlendMatrix001","index":0,"type":"doubleMatrix"},{"name":"outputBlendMatrix002","index":1,"type":"doubleMatrix"},{"name":"outputBlendMatrix003","index":2,"type":"doubleMatrix"},{"name":"outputBlendMatrix004","index":3,"type":"doubleMatrix"},{"name":"outputBlendMatrix005","index":4,"type":"doubleMatrix"}],"joints":true,"blend_attr_name":"spineBlend","n_points":5}},"0a38c559-e9f1-11ef-b4ee-846993801060":{"name":"MooMoo_backLegFK_L","cmpt_tag":"fk_chain_01","guides_data":[{"name":"MooMoo_backLegFK_L_FK001","world_matrix":[0,-0.9998164473404744,0.019159113431273238,0,0,-0.01915911343127319,-0.9998164473404744,0,1,0,0,0,1.522571627966593,6.65410866708305,-1.9970799385169415,1]},{"name":"MooMoo_backLegFK_L_FK002","world_matrix":[0,-0.7462342557239915,-0.6656834349629409,0,0,0.6656834349629409,-0.7462342557239915,0,1,0,0,0,1.5225716279665933,4.3072808019337145,-1.9521085426255542,1]},{"name":"MooMoo_backLegFK_L_FK003","world_matrix":[0,-0.9254360958243227,0.3789037246391694,0,0,-0.3789037246391694,-0.9254360958243227,0,1,0,0,0,1.522571627966592,2.5879749314560443,-3.4858272493621207,1]},{"name":"MooMoo_backLegFK_L_FK004","world_matrix":[0,-1.1102230246251565e-16,1.0000000000000004,0,1.2246467991473535e-16,1.0000000000000004,1.6653345369377348e-16,0,-1,1.224646799147354e-16,3.0814879110195774e-32,0,1.5225716279665922,0.6972995417899892,-2.711723072465963,1]}],"settings":{"inputs":[{"name":"componentPosition","index":0,"type":"doubleMatrix"}],"outputs":[{"name":"outputMatrix001","index":0,"type":"doubleMatrix"},{"name":"outputMatrix002","index":1,"type":"doubleMatrix"},{"name":"outputMatrix003","index":2,"type":"doubleMatrix"},{"name":"outputMatrix004","index":3,"type":"doubleMatrix"}],"joints":false,"n_points":4}},"0a38ec47-e9f1-11ef-a747-846993801060":{"name":"MooMoo_backLegBlend_L","cmpt_tag":"components_blend_01","guides_data":{},"settings":{"inputs":[{"name":"cmpt01_wMtx001","index":0,"type":"doubleMatrix"},{"name":"cmpt01_wMtx002","index":1,"type":"doubleMatrix"},{"name":"cmpt01_wMtx003","index":2,"type":"doubleMatrix"},{"name":"cmpt01_wMtx004","index":3,"type":"doubleMatrix"},{"name":"cmpt02_wMtx001","index":4,"type":"doubleMatrix"},{"name":"cmpt02_wMtx002","index":5,"type":"doubleMatrix"},{"name":"cmpt02_wMtx003","index":6,"type":"doubleMatrix"},{"name":"cmpt02_wMtx004","index":7,"type":"doubleMatrix"}],"outputs":[{"name":"outputBlendMatrix001","index":0,"type":"doubleMatrix"},{"name":"outputBlendMatrix002","index":1,"type":"doubleMatrix"},{"name":"outputBlendMatrix003","index":2,"type":"doubleMatrix"},{"name":"outputBlendMatrix004","index":3,"type":"doubleMatrix"}],"joints":true,"blend_attr_name":"FK_IK_blend","n_points":4}},"4abd2f27-e9f1-11ef-a405-846993801060":{"name":"MooMoo_backLegFK_R","cmpt_tag":"fk_chain_01","guides_data":[{"name":"MooMoo_backLegFK_R_FK001","world_matrix":[0,-0.9998164473404744,0.019159113431273238,0,0,-0.01915911343127319,-0.9998164473404744,0,1,0,0,0,-1.522571627966593,6.65410866708305,-1.9970799385169415,1]},{"name":"MooMoo_backLegFK_R_FK002","world_matrix":[0,-0.7462342557239915,-0.6656834349629409,0,0,0.6656834349629409,-0.7462342557239915,0,1,0,0,0,-1.5225716279665928,4.3072808019337145,-1.9521085426255542,1]},{"name":"MooMoo_backLegFK_R_FK003","world_matrix":[0,-0.9254360958243228,0.37890372463916927,0,0,-0.37890372463916927,-0.9254360958243228,0,1,0,0,0,-1.5225716279665924,2.5879749314560443,-3.4858272493621207,1]},{"name":"MooMoo_backLegFK_R_FK004","world_matrix":[0,-1.6653345369377348e-16,0.9999999999999999,0,1.2246467991473522e-16,0.9999999999999994,0,0,-0.9999999999999999,1.2246467991473532e-16,1.232595164407831e-32,0,-1.522571627966593,0.6972995417899894,-2.7117230724659622,1]}],"settings":{"inputs":[{"name":"componentPosition","index":0,"type":"doubleMatrix"}],"outputs":[{"name":"outputMatrix001","index":0,"type":"doubleMatrix"},{"name":"outputMatrix002","index":1,"type":"doubleMatrix"},{"name":"outputMatrix003","index":2,"type":"doubleMatrix"},{"name":"outputMatrix004","index":3,"type":"doubleMatrix"}],"joints":false,"n_points":4}},"4abd2f28-e9f1-11ef-9796-846993801060":{"name":"MooMoo_backLegBlend_R","cmpt_tag":"components_blend_01","guides_data":{},"settings":{"inputs":[{"name":"cmpt01_wMtx001","index":0,"type":"doubleMatrix"},{"name":"cmpt01_wMtx002","index":1,"type":"doubleMatrix"},{"name":"cmpt01_wMtx003","index":2,"type":"doubleMatrix"},{"name":"cmpt01_wMtx004","index":3,"type":"doubleMatrix"},{"name":"cmpt02_wMtx001","index":4,"type":"doubleMatrix"},{"name":"cmpt02_wMtx002","index":5,"type":"doubleMatrix"},{"name":"cmpt02_wMtx003","index":6,"type":"doubleMatrix"},{"name":"cmpt02_wMtx004","index":7,"type":"doubleMatrix"}],"outputs":[{"name":"outputBlendMatrix001","index":0,"type":"doubleMatrix"},{"name":"outputBlendMatrix002","index":1,"type":"doubleMatrix"},{"name":"outputBlendMatrix003","index":2,"type":"doubleMatrix"},{"name":"outputBlendMatrix004","index":3,"type":"doubleMatrix"}],"joints":true,"blend_attr_name":"FK_IK_blend","n_points":4}},"76f55749-e9f1-11ef-8ecb-846993801060":{"name":"MooMoo_frontLegFK_R","cmpt_tag":"fk_chain_01","guides_data":[{"name":"MooMoo_frontLegFK_R_FK001","world_matrix":[-4.440892098500585e-16,-0.998022821918108,0.06285258093823906,0,7.771561172376101e-16,0.06285258093823969,0.9980228219181179,0,1.000000000000004,-5.551115123125804e-16,-7.771561172376127e-16,0,-1.6240646084801418,3.686264932192983,2.705795030874181,1]},{"name":"MooMoo_frontLegFK_R_FK002","world_matrix":[-4.841538095677518e-16,-0.9999445162522211,0.010533964923111455,0,7.528492183340288e-16,0.010533964923113634,0.9999445162523292,0,1.0000000000000042,-5.551115123125805e-16,-7.771561172376129e-16,0,-1.624064608480142,2.0949348869251376,2.806012378887747,1]},{"name":"MooMoo_frontLegFK_R_FK003","world_matrix":[7.477073881904388e-16,5.2284565565940966e-15,0.9999999999999064,0,4.920574341583634e-16,1.0000000000001898,-1.9133999940024182e-15,0,0.9999999999999057,-5.551115123125259e-16,-7.771561172375364e-16,0,-1.6240646084801424,0.6762293152116214,2.8209578028445343,1]}],"settings":{"inputs":[{"name":"componentPosition","index":0,"type":"doubleMatrix"}],"outputs":[{"name":"outputMatrix001","index":0,"type":"doubleMatrix"},{"name":"outputMatrix002","index":1,"type":"doubleMatrix"},{"name":"outputMatrix003","index":2,"type":"doubleMatrix"}],"joints":false,"n_points":3}},"76f5574a-e9f1-11ef-bf46-846993801060":{"name":"MooMoo_frontLegBlend_R","cmpt_tag":"components_blend_01","guides_data":{},"settings":{"inputs":[{"name":"cmpt01_wMtx001","index":0,"type":"doubleMatrix"},{"name":"cmpt01_wMtx002","index":1,"type":"doubleMatrix"},{"name":"cmpt01_wMtx003","index":2,"type":"doubleMatrix"},{"name":"cmpt02_wMtx001","index":3,"type":"doubleMatrix"},{"name":"cmpt02_wMtx002","index":4,"type":"doubleMatrix"},{"name":"cmpt02_wMtx003","index":5,"type":"doubleMatrix"}],"outputs":[{"name":"outputBlendMatrix001","index":0,"type":"doubleMatrix"},{"name":"outputBlendMatrix002","index":1,"type":"doubleMatrix"},{"name":"outputBlendMatrix003","index":2,"type":"doubleMatrix"}],"joints":true,"blend_attr_name":"FK_IK_blend","n_points":3}},"a87ce2f7-e9f1-11ef-8dda-846993801060":{"name":"MooMoo_frontLegFK_L","cmpt_tag":"fk_chain_01","guides_data":[{"name":"MooMoo_frontLegFK_L_FK001","world_matrix":[4.4408920985005843e-16,-0.9980228219181076,0.06285258093823892,0,-5.551115123125786e-16,0.06285258093823969,0.9980228219181178,0,-1.000000000000003,-3.3306690738754795e-16,-4.440892098500641e-16,0,1.6240646084801418,3.686264932192983,2.705795030874181,1]},{"name":"MooMoo_frontLegFK_L_FK002","world_matrix":[4.725328928404206e-16,-0.9999445162522345,0.01053396492311115,0,-5.311089178229646e-16,0.010533964923113218,0.9999445162523194,0,-1.0000000000000009,-3.3306690738754726e-16,-4.440892098500631e-16,0,1.6240646084801422,2.0949348869251394,2.806012378887747,1]},{"name":"MooMoo_frontLegFK_L_FK003","world_matrix":[-5.261018049915047e-16,4.673345044281518e-15,0.9999999999999418,0,-4.781013576553708e-16,1.000000000000105,-1.7104373473131318e-15,0,-0.9999999999999553,-3.3306690738753207e-16,-4.4408920985004285e-16,0,1.624064608480143,0.6762293152116206,2.820957802844534,1]}],"settings":{"inputs":[{"name":"componentPosition","index":0,"type":"doubleMatrix"}],"outputs":[{"name":"outputMatrix001","index":0,"type":"doubleMatrix"},{"name":"outputMatrix002","index":1,"type":"doubleMatrix"},{"name":"outputMatrix003","index":2,"type":"doubleMatrix"}],"joints":false,"n_points":3}},"a87ce2f8-e9f1-11ef-9b54-846993801060":{"name":"MooMoo_frontLegBlend_L","cmpt_tag":"components_blend_01","guides_data":{},"settings":{"inputs":[{"name":"cmpt01_wMtx001","index":0,"type":"doubleMatrix"},{"name":"cmpt01_wMtx002","index":1,"type":"doubleMatrix"},{"name":"cmpt01_wMtx003","index":2,"type":"doubleMatrix"},{"name":"cmpt02_wMtx001","index":3,"type":"doubleMatrix"},{"name":"cmpt02_wMtx002","index":4,"type":"doubleMatrix"},{"name":"cmpt02_wMtx003","index":5,"type":"doubleMatrix"}],"outputs":[{"name":"outputBlendMatrix001","index":0,"type":"doubleMatrix"},{"name":"outputBlendMatrix002","index":1,"type":"doubleMatrix"},{"name":"outputBlendMatrix003","index":2,"type":"doubleMatrix"}],"joints":true,"blend_attr_name":"FK_IK_blend","n_points":3}},"857e97db-ee48-11ef-9ad2-c85ea9f620a6":{"name":"MooMoo_nail_M","cmpt_tag":"single_point_01","guides_data":[{"name":"MooMoo_nail_M_point","world_matrix":[0,-0.6672347686941379,-0.7448474766324179,0,0,0.7448474766324179,-0.6672347686941379,0,1,0,0,0,0,7.277696057395187,-2.933434323194638,1]}],"settings":{"inputs":[{"name":"componentPosition","index":0,"type":"doubleMatrix"}],"outputs":[{"name":"outputWorldMatrix","index":0,"type":"doubleMatrix"}],"joints":true,"create_control":true,"movable_pivot":false}},"67490758-ef91-11ef-a6ff-a86e8487d4d6":{"name":"MooMoo_uddersMaster_M","cmpt_tag":"single_point_01","guides_data":[{"name":"MooMoo_uddersMaster_M_point","world_matrix":[0,-0.9640796104634957,-0.2656134497508612,0,8.326672684688668e-16,-0.2656134497508612,0.9640796104634957,0,-1.0000000000000075,-1.665334536937747e-16,7.771561172376155e-16,0,2.1768602157265185e-16,3.9450085738578466,-0.8900148480815366,1]}],"settings":{"inputs":[{"name":"componentPosition","index":0,"type":"doubleMatrix"}],"outputs":[{"name":"outputWorldMatrix","index":0,"type":"doubleMatrix"}],"joints":true,"create_control":true,"movable_pivot":false}},"82cbf01d-ef9b-11ef-a87b-a86e8487d4d6":{"name":"MooMoo_teat_LF","cmpt_tag":"fk_chain_01","guides_data":[{"name":"MooMoo_teat_LF_FK001","world_matrix":[0.42117454102135593,-0.8879542050244931,0.1847953889434757,0,0.5559180814011645,0.4137252085711217,0.7209622310246422,0,-0.7166359555357924,-0.2009198386722975,0.6678803228582196,0,0.6597188408507637,3.0342443087806843,-0.5496974985229255,1]},{"name":"MooMoo_teat_LF_FK002","world_matrix":[0.4211745410213562,-0.8879542050244936,0.1847953889434758,0,0.5559180814011646,0.4137252085711218,0.7209622310246423,0,-0.7166359555357931,-0.20091983867229768,0.6678803228582202,0,0.7989498120888464,2.7407063231258446,-0.4886082374756476,1]},{"name":"MooMoo_teat_LF_FK003","world_matrix":[0.4211745410213559,-0.887954205024493,0.18479538894347566,0,0.5559180814011642,0.4137252085711215,0.7209622310246417,0,-0.7166359555357926,-0.20091983867229754,0.6678803228582197,0,0.9327861948188567,2.4585416449328585,-0.4298859169350957,1]}],"settings":{"inputs":[{"name":"componentPosition","index":0,"type":"doubleMatrix"}],"outputs":[{"name":"outputMatrix001","index":0,"type":"doubleMatrix"},{"name":"outputMatrix002","index":1,"type":"doubleMatrix"},{"name":"outputMatrix003","index":2,"type":"doubleMatrix"}],"joints":true,"n_points":3}},"10c8cd55-ef9c-11ef-a995-a86e8487d4d6":{"name":"MooMoo_teat_LBa","cmpt_tag":"fk_chain_01","guides_data":[{"name":"MooMoo_teat_LBa_FK001","world_matrix":[0.4597646169944315,-0.7611882523828231,-0.457393639433627,0,0.49179663025226217,0.6471106001748189,-0.5825666876967002,0,0.7394271914343432,0.04289889947031209,0.6718683747518959,0,0.6815650210690612,3.2893883641084494,-1.7340988117712859,1]},{"name":"MooMoo_teat_LBa_FK002","world_matrix":[0.4597646169944343,-0.7611882523828278,-0.4573936394336298,0,0.4917966302522639,0.6471106001748212,-0.5825666876967023,0,0.739427191434346,0.04289889947031225,0.6718683747518984,0,0.8265383027409722,3.0493699833129893,-1.878324475238017,1]},{"name":"MooMoo_teat_LBa_FK003","world_matrix":[0.4597646169944334,-0.7611882523828263,-0.45739363943362893,0,0.4917966302522628,0.6471106001748198,-0.582566687696701,0,0.7394271914343449,0.04289889947031219,0.6718683747518974,0,0.9599937698983689,2.828420545140598,-2.011091720843995,1]}],"settings":{"inputs":[{"name":"componentPosition","index":0,"type":"doubleMatrix"}],"outputs":[{"name":"outputMatrix001","index":0,"type":"doubleMatrix"},{"name":"outputMatrix002","index":1,"type":"doubleMatrix"},{"name":"outputMatrix003","index":2,"type":"doubleMatrix"}],"joints":true,"n_points":3}},"5d7b15d8-ef9c-11ef-9cfd-a86e8487d4d6":{"name":"MooMoo_teat_RBa","cmpt_tag":"fk_chain_01","guides_data":[{"name":"MooMoo_teat_RBa_FK001","world_matrix":[-0.4597646169944314,-0.761188252382823,-0.4573936394336272,0,-0.49179663025226206,0.647110600174819,-0.5825666876967001,0,-0.7394271914343432,0.04289889947031204,0.6718683747518959,0,-0.6815650210690612,3.2893883641084494,-1.7340988117712859,1]},{"name":"MooMoo_teat_RBa_FK002","world_matrix":[-0.45976461699443283,-0.7611882523828253,-0.45739363943362865,0,-0.4917966302522651,0.647110600174823,-0.5825666876967037,0,-0.7394271914343465,0.042898899470312224,0.6718683747518989,0,-0.8265383027409726,3.04936998331299,-1.878324475238018,1]},{"name":"MooMoo_teat_RBa_FK003","world_matrix":[-0.4597646169944313,-0.7611882523828227,-0.45739363943362715,0,-0.4917966302522646,0.6471106001748224,-0.5825666876967032,0,-0.7394271914343457,0.04289889947031217,0.6718683747518981,0,-0.9599937698983675,2.8284205451405957,-2.0110917208439956,1]}],"settings":{"inputs":[{"name":"componentPosition","index":0,"type":"doubleMatrix"}],"outputs":[{"name":"outputMatrix001","index":0,"type":"doubleMatrix"},{"name":"outputMatrix002","index":1,"type":"doubleMatrix"},{"name":"outputMatrix003","index":2,"type":"doubleMatrix"}],"joints":true,"n_points":3}},"99953ee3-ef9c-11ef-8e83-a86e8487d4d6":{"name":"MooMoo_teat_RF","cmpt_tag":"fk_chain_01","guides_data":[{"name":"MooMoo_teat_RF_FK001","world_matrix":[-0.42117454102135593,-0.8879542050244927,0.1847953889434756,0,-0.5559180814011643,0.41372520857112177,0.720962231024642,0,0.7166359555357921,-0.20091983867229768,0.6678803228582193,0,-0.6597188408507637,3.0342443087806843,-0.5496974985229255,1]},{"name":"MooMoo_teat_RF_FK002","world_matrix":[-0.4211745410213563,-0.8879542050244935,0.18479538894347577,0,-0.5559180814011645,0.41372520857112194,0.7209622310246423,0,0.7166359555357928,-0.2009198386722979,0.6678803228582201,0,-0.7989498120888469,2.7407063231258455,-0.4886082374756472,1]},{"name":"MooMoo_teat_RF_FK003","world_matrix":[-0.4211745410213559,-0.8879542050244926,0.18479538894347558,0,-0.5559180814011638,0.4137252085711215,0.7209622310246415,0,0.7166359555357928,-0.2009198386722979,0.6678803228582201,0,-0.9327861948188568,2.4585416449328585,-0.42988591693509587,1]}],"settings":{"inputs":[{"name":"componentPosition","index":0,"type":"doubleMatrix"}],"outputs":[{"name":"outputMatrix001","index":0,"type":"doubleMatrix"},{"name":"outputMatrix002","index":1,"type":"doubleMatrix"},{"name":"outputMatrix003","index":2,"type":"doubleMatrix"}],"joints":true,"n_points":3}},"024189f4-f450-11ef-9a2f-846993801060":{"name":"MooMoo_backFootIK_L","cmpt_tag":"foot_roll_01","guides_data":[{"name":"MooMoo_backFootIK_L_heel","world_matrix":[0,0,1,0,0,1,0,0,-1,0,0,0,1.5282618577652427,0,-3.1547471234290914,1]},{"name":"MooMoo_backFootIK_L_tip","world_matrix":[0,0,1,0,0,1,0,0,-1,0,0,0,1.5282618577652427,0,-2.0108906250646505,1]},{"name":"MooMoo_backFootIK_L_phalanges","world_matrix":[0,0,1,0,0,1,0,0,-1,0,0,0,1.5282618577652427,0,-2.3146273512318127,1]},{"name":"MooMoo_backFootIK_L_ankle","world_matrix":[0,0,1,0,0,1,0,0,-1,0,0,0,1.5282618577652427,0.6972995417899894,-2.711723072465963,1]},{"name":"MooMoo_backFootIK_L_posBank","world_matrix":[0,0,1,0,0,1,0,0,-1,0,0,0,1.0863432477998802,0,-2.292505069798703,1]},{"name":"MooMoo_backFootIK_L_negBank","world_matrix":[0,0,1,0,0,1,0,0,-1,0,0,0,1.9892304908869523,0,-2.2925050697987026,1]}],"settings":{"inputs":[{"name":"componentPosition","index":0,"type":"doubleMatrix"},{"name":"footRoll","index":1,"type":"double"},{"name":"bendStartAngle","index":2,"type":"angle"},{"name":"bank","index":3,"type":"double"},{"name":"heelTwist","index":4,"type":"double"},{"name":"tipTwist","index":5,"type":"double"}],"outputs":[{"name":"ankleOutputMatrix","index":0,"type":"doubleMatrix"},{"name":"phalanxOutputMatrix","index":1,"type":"doubleMatrix"},{"name":"ankleOffsetMatrix","index":2,"type":"doubleMatrix"}],"joints":false,"tweaks":true,"phalanges":false}},"23668a77-f452-11ef-89cb-846993801060":{"name":"MooMoo_backFootIK_R","cmpt_tag":"foot_roll_01","guides_data":[{"name":"MooMoo_backFootIK_R_heel","world_matrix":[0,0,1,0,0,1,0,0,-1,0,0,0,-1.5282618577652427,0,-3.1547471234290914,1]},{"name":"MooMoo_backFootIK_R_tip","world_matrix":[0,0,1,0,0,1,0,0,-1,0,0,0,-1.5282618577652427,0,-2.0108906250646505,1]},{"name":"MooMoo_backFootIK_R_phalanges","world_matrix":[0,0,1,0,0,1,0,0,-1,0,0,0,-1.5282618577652427,0,-2.3146273512318127,1]},{"name":"MooMoo_backFootIK_R_ankle","world_matrix":[0,0,1,0,0,1,0,0,-1,0,0,0,-1.5282618577652427,0.6972995417899894,-2.711723072465963,1]},{"name":"MooMoo_backFootIK_R_posBank","world_matrix":[0,0,1,0,0,1,0,0,-1,0,0,0,-1.9701804677306052,0,-2.292505069798703,1]},{"name":"MooMoo_backFootIK_R_negBank","world_matrix":[0,0,1,0,0,1,0,0,-1,0,0,0,-1.0672932246435332,0,-2.2925050697987026,1]}],"settings":{"inputs":[{"name":"componentPosition","index":0,"type":"doubleMatrix"},{"name":"footRoll","index":1,"type":"double"},{"name":"bendStartAngle","index":2,"type":"angle"},{"name":"bank","index":3,"type":"double"},{"name":"heelTwist","index":4,"type":"double"},{"name":"tipTwist","index":5,"type":"double"}],"outputs":[{"name":"ankleOutputMatrix","index":0,"type":"doubleMatrix"},{"name":"phalanxOutputMatrix","index":1,"type":"doubleMatrix"},{"name":"ankleOffsetMatrix","index":2,"type":"doubleMatrix"}],"joints":false,"tweaks":true,"phalanges":false}},"5cba4627-f485-11ef-8f0b-c85ea9f620a6":{"name":"MooMoo_neck_M","cmpt_tag":"fk_chain_01","guides_data":[{"name":"MooMoo_neck_M_FK001","world_matrix":[-0.0001226175962907298,0.8389672778495085,0.5441818553229225,0,-0.00008022317922651297,0.5441818494099913,-0.8389672868097807,0,-0.9999999892645881,-0.00014652815058657857,5.783519764213125e-7,0,-3.609827451479182e-15,5.790144328456188,3.94968478718,1]},{"name":"MooMoo_neck_M_FK002","world_matrix":[-0.00012261759629073046,0.8389672778495132,0.5441818553229255,0,-0.00008022317922651292,0.544181849409991,-0.8389672868097804,0,-0.9999999892645881,-0.00014652815058657857,5.783519764213125e-7,0,-0.00012694711685128522,6.658734810367765,4.5130812299758,1]}],"settings":{"inputs":[{"name":"componentPosition","index":0,"type":"doubleMatrix"}],"outputs":[{"name":"outputMatrix001","index":0,"type":"doubleMatrix"},{"name":"outputMatrix002","index":1,"type":"doubleMatrix"}],"joints":false,"n_points":2}},"6f95c104-f8e7-11ef-a70b-846993801060":{"name":"MooMoo_frontFootIK_L","cmpt_tag":"foot_roll_01","guides_data":[{"name":"MooMoo_frontFootIK_L_heel","world_matrix":[0,0,1,0,0,1,0,0,-1,0,0,0,1.6188150962480639,0,2.3221021835480835,1]},{"name":"MooMoo_frontFootIK_L_tip","world_matrix":[0,0,1,0,0,1,0,0,-1,0,0,0,1.6188150962480639,0,3.5133676671002667,1]},{"name":"MooMoo_frontFootIK_L_phalanges","world_matrix":[0,0,1,0,0,1,0,0,-1,0,0,0,1.6188150962480639,0,3.108057122613874,1]},{"name":"MooMoo_frontFootIK_L_ankle","world_matrix":[0,0,1,0,0,1,0,0,-1,0,0,0,1.6188150962480639,0.6762293152116206,2.8209578028445335,1]},{"name":"MooMoo_frontFootIK_L_posBank","world_matrix":[0,0,1,0,0,1,0,0,-1,0,0,0,1.1746461770093466,0,2.946313505993361,1]},{"name":"MooMoo_frontFootIK_L_negBank","world_matrix":[0,0,1,0,0,1,0,0,-1,0,0,0,2.0947814726626133,0,2.946313505993361,1]}],"settings":{"inputs":[{"name":"componentPosition","index":0,"type":"doubleMatrix"},{"name":"footRoll","index":1,"type":"double"},{"name":"bendStartAngle","index":2,"type":"angle"},{"name":"bank","index":3,"type":"double"},{"name":"heelTwist","index":4,"type":"double"},{"name":"tipTwist","index":5,"type":"double"}],"outputs":[{"name":"ankleOutputMatrix","index":0,"type":"doubleMatrix"},{"name":"phalanxOutputMatrix","index":1,"type":"doubleMatrix"},{"name":"ankleOffsetMatrix","index":2,"type":"doubleMatrix"}],"joints":false,"tweaks":true,"phalanges":false}},"e9344d6e-f8e7-11ef-bcca-846993801060":{"name":"MooMoo_frontFootIK_R","cmpt_tag":"foot_roll_01","guides_data":[{"name":"MooMoo_frontFootIK_R_heel","world_matrix":[0,0,1,0,0,1,0,0,-1,0,0,0,-1.6188150962480639,0,2.3221021835480835,1]},{"name":"MooMoo_frontFootIK_R_tip","world_matrix":[0,0,1,0,0,1,0,0,-1,0,0,0,-1.6188150962480639,0,3.5133676671002667,1]},{"name":"MooMoo_frontFootIK_R_phalanges","world_matrix":[0,0,1,0,0,1,0,0,-1,0,0,0,-1.6188150962480639,0,3.108057122613874,1]},{"name":"MooMoo_frontFootIK_R_ankle","world_matrix":[0,0,1,0,0,1,0,0,-1,0,0,0,-1.6188150962480639,0.6762293152116206,2.8209578028445335,1]},{"name":"MooMoo_frontFootIK_R_posBank","world_matrix":[0,0,1,0,0,1,0,0,-1,0,0,0,-2.062984015486781,0,2.946313505993361,1]},{"name":"MooMoo_frontFootIK_R_negBank","world_matrix":[0,0,1,0,0,1,0,0,-1,0,0,0,-1.1428487198335144,0,2.946313505993361,1]}],"settings":{"inputs":[{"name":"componentPosition","index":0,"type":"doubleMatrix"},{"name":"footRoll","index":1,"type":"double"},{"name":"bendStartAngle","index":2,"type":"angle"},{"name":"bank","index":3,"type":"double"},{"name":"heelTwist","index":4,"type":"double"},{"name":"tipTwist","index":5,"type":"double"}],"outputs":[{"name":"ankleOutputMatrix","index":0,"type":"doubleMatrix"},{"name":"phalanxOutputMatrix","index":1,"type":"doubleMatrix"},{"name":"ankleOffsetMatrix","index":2,"type":"doubleMatrix"}],"joints":false,"tweaks":true,"phalanges":false}},"6b2e34da-fdb2-11ef-8eab-846993801060":{"name":"MooMoo_frontLegIK_L","cmpt_tag":"two_bone_ik_01","guides_data":[{"name":"MooMoo_frontLegIK_L_start","world_matrix":[3.3306690738754395e-16,-0.9980228219181083,0.06285258093823892,0,-4.996003610813211e-16,0.06285258093823949,0.9980228219181184,0,-1.0000000000000044,-4.996003610813226e-16,-6.661338147750967e-16,0,1.6240646084801418,3.686264932192983,2.705795030874181,1]},{"name":"MooMoo_frontLegIK_L_mid","world_matrix":[3.587575134030719e-16,-0.9999445162522478,0.010533964923111268,0,-4.814843010588655e-16,0.01053396492311292,0.9999445162523104,0,-0.9999999999999991,-4.9960036108131995e-16,-6.661338147750931e-16,0,1.6240646084801422,2.094934886925138,2.8060123788877473,1]},{"name":"MooMoo_frontLegIK_L_end","world_matrix":[-4.776784474432483e-16,4.232725281383409e-15,0.999999999999962,0,-3.6380954693011196e-16,1.000000000000043,-1.923808334858279e-15,0,-0.9999999999999978,-4.996003610813193e-16,-6.661338147750922e-16,0,1.6240646084801427,0.6762293152116208,2.820957802844533,1]}],"settings":{"inputs":[{"name":"componentPosition","index":0,"type":"doubleMatrix"},{"name":"start_wMtx","index":1,"type":"doubleMatrix"},{"name":"endPos_offsetMtx","index":2,"type":"doubleMatrix"}],"outputs":[{"name":"startOutputMatrix","index":0,"type":"doubleMatrix"},{"name":"midOutputMatrix","index":1,"type":"doubleMatrix"},{"name":"endOutputMatrix","index":2,"type":"doubleMatrix"}],"joints":false,"root_control":true,"neutralise_end_rotation":true,"pole_vector_distance":5,"min_length_percentage":0.1,"pop_removal_percentage":0.000001}},"fcd39e15-fdb2-11ef-bdd3-846993801060":{"name":"MooMoo_frontLegIK_R","cmpt_tag":"two_bone_ik_01","guides_data":[{"name":"MooMoo_frontLegIK_R_start","world_matrix":[-4.4408920985005833e-16,-0.9980228219181074,0.06285258093823891,0,3.33066907387547e-16,0.06285258093823967,0.9980228219181175,0,1.0000000000000029,-5.551115123125798e-16,-4.44089209850064e-16,0,-1.6240646084801418,3.686264932192983,2.705795030874181,1]},{"name":"MooMoo_frontLegIK_R_mid","world_matrix":[-4.609119761130827e-16,-0.9999445162522342,0.01053396492311097,0,3.093855517988435e-16,0.010570704144970078,0.9999441292211712,0,1.0000000000000013,-5.551115123125791e-16,-4.440892098500633e-16,0,-1.6240646084801424,2.094934886925139,2.8060123788877473,1]},{"name":"MooMoo_frontLegIK_R_end","world_matrix":[3.045131553398911e-16,0.00003673718343181337,0.9999996129902673,0,4.641341310033779e-16,0.9999999986549251,-0.00003661629894042076,0,1.0000003870097796,-5.551117271461623e-16,-4.440893817169299e-16,0,-1.6240646084801431,0.6762293152116212,2.8209578028445326,1]}],"settings":{"inputs":[{"name":"componentPosition","index":0,"type":"doubleMatrix"},{"name":"start_wMtx","index":1,"type":"doubleMatrix"},{"name":"endPos_offsetMtx","index":2,"type":"doubleMatrix"}],"outputs":[{"name":"startOutputMatrix","index":0,"type":"doubleMatrix"},{"name":"midOutputMatrix","index":1,"type":"doubleMatrix"},{"name":"endOutputMatrix","index":2,"type":"doubleMatrix"}],"joints":false,"root_control":true,"neutralise_end_rotation":true,"pole_vector_distance":5,"min_length_percentage":0.1,"pop_removal_percentage":0.000001}},"3e5a0124-fdcb-11ef-bd04-846993801060":{"name":"MooMoo_shoulder_L","cmpt_tag":"single_point_01","guides_data":[{"name":"MooMoo_shoulder_L_point","world_matrix":[4.4408920985005843e-16,-0.9980228219181076,0.06285258093823892,0,-5.551115123125786e-16,0.06285258093823969,0.9980228219181178,0,-1.000000000000003,-3.3306690738754795e-16,-4.440892098500641e-16,0,1.5936995778447827,5.172520027499424,2.61219499826863,1]}],"settings":{"inputs":[{"name":"componentPosition","index":0,"type":"doubleMatrix"}],"outputs":[{"name":"outputWorldMatrix","index":0,"type":"doubleMatrix"}],"joints":false,"create_control":true,"movable_pivot":true}},"769ec963-fdcb-11ef-a90b-846993801060":{"name":"MooMoo_shoulder_R","cmpt_tag":"single_point_01","guides_data":[{"name":"MooMoo_shoulder_R_point","world_matrix":[-4.440892098500585e-16,-0.998022821918108,0.06285258093823906,0,7.771561172376101e-16,0.06285258093823969,0.9980228219181179,0,1.000000000000004,-5.551115123125804e-16,-7.771561172376127e-16,0,-1.5936995778447827,5.172520027499424,2.61219499826863,1]}],"settings":{"inputs":[{"name":"componentPosition","index":0,"type":"doubleMatrix"}],"outputs":[{"name":"outputWorldMatrix","index":0,"type":"doubleMatrix"}],"joints":false,"create_control":true,"movable_pivot":true}},"bea48865-fdce-11ef-86e2-846993801060":{"name":"MooMoo_scapula_L","cmpt_tag":"single_point_01","guides_data":[{"name":"MooMoo_scapula_L_point","world_matrix":[0,0.9998666915329