{"61cde978-e9ed-11ef-9cd2-0242ac120002":{"name":"MooMoo_head_M","cmpt_tag":"single_point_01","guides_data":[{"name":"MooMoo_head_M_point","world_matrix":[4.440892098500616e-16,0.0,0.9999999999999977,0.0,0.0,1.0000000000000016,0.0,0.0,-1.000000000000005,0.0,4.440892098500649e-16,0.0,-0.0004062548197867905,8.617000658496213,5.313663038150254,1.0]}],"settings":{"inputs":[{"name":"componentPosition","index":0,"type":"doubleMatrix"}],"outputs":[{"name":"outputWorldMatrix","index":0,"type":"doubleMatrix"}],"joints":true,"create_control":true,"movable_pivot":false}},"6bdbf43c-e9ed-11ef-9cd2-0242ac120002":{"name":"MooMoo_backLegIK_R","cmpt_tag":"quadruped_back_leg_01","guides_data":[{"name":"MooMoo_backLegIK_R_femur","world_matrix":[0.0,-0.9955860968549372,0.09385267044230408,0.0,0.0,-0.09385267044230416,-0.9955860968549372,0.0,1.0,0.0,0.0,0.0,-1.6150323212138922,6.5758183696260035,-2.383682392827267,1.0]},{"name":"MooMoo_backLegIK_R_knee","world_matrix":[0.0,-0.6214442881752271,-0.7834583567072251,0.0,0.0,0.7834583567072251,-0.621444288175227,0.0,1.0,0.0,0.0,0.0,-1.6150323212138922,3.7028682224066447,-2.112852934465079,1.0]},{"name":"MooMoo_backLegIK_R_heel","world_matrix":[0.0,-0.9616044933184215,0.2744390614140453,0.0,0.0,-0.2744390614140454,-0.9616044933184213,0.0,1.0,0.0,0.0,0.0,-1.6150323212138922,2.462886564474054,-3.6761048792589524,1.0]},{"name":"MooMoo_backLegIK_R_ankle","world_matrix":[0.0,-0.9616044933184215,0.2744390614140453,0.0,0.0,-0.2744390614140454,-0.9616044933184213,0.0,1.0,0.0,0.0,0.0,-1.6150323212138922,0.6594283776025831,-3.161403278399658,1.0]}],"settings":{"inputs":[{"name":"componentPosition","index":0,"type":"doubleMatrix"},{"name":"start_wMtx","index":1,"type":"doubleMatrix"},{"name":"endPos_offsetMtx","index":2,"type":"doubleMatrix"}],"outputs":[{"name":"hipOutputMatrix","index":0,"type":"doubleMatrix"},{"name":"kneeOutputMatrix","index":1,"type":"doubleMatrix"},{"name":"heelOutputMatrix","index":2,"type":"doubleMatrix"},{"name":"ankleOutputMatrix","index":3,"type":"doubleMatrix"}],"joints":false,"pole_vector_distance":6.5,"orient_ankle_to_world":true}},"6f117adc-e9ed-11ef-9cd2-0242ac120002":{"name":"MooMoo_spineIK_M","cmpt_tag":"quadruped_spine_01","guides_data":[{"name":"MooMoo_spineIK_M_back","world_matrix":[-2.2204460492502543e-15,-0.08793143822429428,0.9961265291978495,0.0,-1.8735013540549531e-16,0.9961265291978764,0.08793143822429664,0.0,-1.0000000000000209,2.081668171172213e-17,-2.2204460492503596e-15,0.0,5.540395667191073e-15,6.369505386578961,-1.9838532412236518,1.0]},{"name":"MooMoo_spineIK_M_mid","world_matrix":[-2.220446049250301e-15,-0.08793143822429612,0.9961265291978704,0.0,-1.8735013540549524e-16,0.9961265291978759,0.0879314382242966,0.0,-1.0,2.0816681711721694e-17,-2.220446049250313e-15,0.0,-3.9153081195011013e-16,6.134592181063591,0.6773009449990497,1.0]},{"name":"MooMoo_spineIK_M_chest","world_matrix":[-2.2204460492502993e-15,-0.08793143822429605,0.9961265291978696,0.0,-1.8735013540549541e-16,0.9961265291978768,0.08793143822429668,0.0,-1.0000000000000049,2.0816681711721796e-17,-2.220446049250324e-15,0.0,-7.533352497272628e-15,5.838808948637508,3.8811827435743016,1.0]}],"settings":{"inputs":[{"name":"componentPosition","index":0,"type":"doubleMatrix"}],"outputs":[{"name":"outputMatrix001","index":0,"type":"doubleMatrix"},{"name":"outputMatrix002","index":1,"type":"doubleMatrix"},{"name":"outputMatrix003","index":2,"type":"doubleMatrix"},{"name":"outputMatrix004","index":3,"type":"doubleMatrix"},{"name":"outputMatrix005","index":4,"type":"doubleMatrix"}],"joints":false,"n_points":5}},"714efa72-e9ed-11ef-9cd2-0242ac120002":{"name":"MooMoo_tailFK_M","cmpt_tag":"fk_tail_01","guides_data":[{"name":"MooMoo_tailFK_M_FK001","world_matrix":[0.0,-0.6743023875837234,-0.7384553406258838,0.0,0.0,0.7384553406258837,-0.6743023875837233,0.0,1.0,0.0,0.0,0.0,0.0,7.270190922662196,-2.861429507692041,1.0]},{"name":"MooMoo_tailFK_M_FK002","world_matrix":[0.0,-0.6743023875837234,-0.7384553406258838,0.0,0.0,0.7384553406258837,-0.6743023875837233,0.0,1.0,0.0,0.0,0.0,0.0,7.12804101951684,-3.0171035154962897,1.0]},{"name":"MooMoo_tailFK_M_FK003","world_matrix":[0.0,-0.6743023875837234,-0.7384553406258838,0.0,0.0,0.7384553406258837,-0.6743023875837233,0.0,1.0,0.0,0.0,0.0,0.0,6.979643624884103,-3.1796193994963198,1.0]},{"name":"MooMoo_tailFK_M_FK004","world_matrix":[0.0,-0.6743023875837234,-0.7384553406258838,0.0,0.0,0.7384553406258837,-0.6743023875837233,0.0,1.0,0.0,0.0,0.0,0.0,6.824926338857968,-3.349056447706289,1.0]},{"name":"MooMoo_tailFK_M_FK005","world_matrix":[0.0,-0.6743023875837234,-0.7384553406258838,0.0,0.0,0.7384553406258837,-0.6743023875837233,0.0,1.0,0.0,0.0,0.0,0.0,6.665421654445897,-3.523736366134319,1.0]},{"name":"MooMoo_tailFK_M_FK006","world_matrix":[0.0,-0.6743023875837234,-0.7384553406258838,0.0,0.0,0.7384553406258837,-0.6743023875837233,0.0,1.0,0.0,0.0,0.0,0.0,6.500520181372266,-3.704326522287624,1.0]},{"name":"MooMoo_tailFK_M_FK007","world_matrix":[0.0,-0.6743023875837234,-0.7384553406258838,0.0,0.0,0.7384553406258837,-0.6743023875837233,0.0,1.0,0.0,0.0,0.0,0.0,6.335636245281968,-3.88489747299359,1.0]},{"name":"MooMoo_tailFK_M_FK008","world_matrix":[0.0,-0.6743023875837234,-0.7384553406258838,0.0,0.0,0.7384553406258837,-0.6743023875837233,0.0,1.0,0.0,0.0,0.0,0.0,6.170752326357258,-4.0654684049008365,1.0]},{"name":"MooMoo_tailFK_M_FK009","world_matrix":[0.0,-0.6743023875837234,-0.7384553406258838,0.0,0.0,0.7384553406258837,-0.6743023875837233,0.0,1.0,0.0,0.0,0.0,0.0,6.000259997799514,-4.252181329068788,1.0]},{"name":"MooMoo_tailFK_M_FK010","world_matrix":[0.0,-0.6743023875837234,-0.7384553406258838,0.0,0.0,0.7384553406258837,-0.6743023875837233,0.0,1.0,0.0,0.0,0.0,0.0,5.824162290398121,-4.445032926359622,1.0]},{"name":"MooMoo_tailFK_M_FK011","world_matrix":[0.0,-0.6743023875837234,-0.7384553406258838,0.0,0.0,0.7384553406258837,-0.6743023875837233,0.0,1.0,0.0,0.0,0.0,0.0,5.648062966878391,-4.63788629352584,1.0]},{"name":"MooMoo_tailFK_M_FK012","world_matrix":[0.0,-0.6743023875837234,-0.7384553406258838,0.0,0.0,0.7384553406258837,-0.6743023875837233,0.0,1.0,0.0,0.0,0.0,0.0,5.471965023698491,-4.830738149027077,1.0]},{"name":"MooMoo_tailFK_M_FK013","world_matrix":[0.0,-0.6743023875837234,-0.7384553406258838,0.0,0.0,0.7384553406258837,-0.6743023875837233,0.0,1.0,0.0,0.0,0.0,0.0,5.2958661374045715,-5.023591037369927,1.0]},{"name":"MooMoo_tailFK_M_FK014","world_matrix":[0.0,-0.6743023875837234,-0.7384553406258838,0.0,0.0,0.7384553406258837,-0.6743023875837233,0.0,1.0,0.0,0.0,0.0,0.0,5.119464735789052,-5.216775222263049,1.0]},{"name":"MooMoo_tailFK_M_FK015","world_matrix":[0.0,-0.6743023875837234,-0.7384553406258838,0.0,0.0,0.7384553406258837,-0.6743023875837233,0.0,1.0,0.0,0.0,0.0,0.0,4.943670032431841,-5.409294987784081,1.0]},{"name":"MooMoo_tailFK_M_FK016","world_matrix":[0.0,-0.6743023875837234,-0.7384553406258838,0.0,0.0,0.7384553406258837,-0.6743023875837233,0.0,1.0,0.0,0.0,0.0,0.0,4.768939047009665,-5.600649833523543,1.0]},{"name":"MooMoo_tailFK_M_FK017","world_matrix":[0.0,-0.6743023875837234,-0.7384553406258838,0.0,0.0,0.7384553406258837,-0.6743023875837233,0.0,1.0,0.0,0.0,0.0,0.0,4.633444379974488,-5.749035427792293,1.0]},{"name":"MooMoo_tailFK_M_FK018","world_matrix":[0.0,-0.6743023875837234,-0.7384553406258838,0.0,0.0,0.7384553406258837,-0.6743023875837233,0.0,1.0,0.0,0.0,0.0,0.0,4.497949712939312,-5.897421022061041,1.0]}],"settings":{"inputs":[{"name":"componentPosition","index":0,"type":"doubleMatrix"}],"outputs":[{"name":"outputMatrix001","index":0,"type":"doubleMatrix"},{"name":"outputMatrix002","index":1,"type":"doubleMatrix"},{"name":"outputMatrix003","index":2,"type":"doubleMatrix"},{"name":"outputMatrix004","index":3,"type":"doubleMatrix"},{"name":"outputMatrix005","index":4,"type":"doubleMatrix"},{"name":"outputMatrix006","index":5,"type":"doubleMatrix"},{"name":"outputMatrix007","index":6,"type":"doubleMatrix"},{"name":"outputMatrix008","index":7,"type":"doubleMatrix"},{"name":"outputMatrix009","index":8,"type":"doubleMatrix"},{"name":"outputMatrix010","index":9,"type":"doubleMatrix"},{"name":"outputMatrix011","index":10,"type":"doubleMatrix"},{"name":"outputMatrix012","index":11,"type":"doubleMatrix"},{"name":"outputMatrix013","index":12,"type":"doubleMatrix"},{"name":"outputMatrix014","index":13,"type":"doubleMatrix"},{"name":"outputMatrix015","index":14,"type":"doubleMatrix"},{"name":"outputMatrix016","index":15,"type":"doubleMatrix"},{"name":"outputMatrix017","index":16,"type":"doubleMatrix"},{"name":"outputMatrix018","index":17,"type":"doubleMatrix"}],"joints":true,"n_points":18,"masters_positions":[0,8]}},"75de4b10-e9ed-11ef-9cd2-0242ac120002":{"name":"MooMoo_global_M","cmpt_tag":"global_01","guides_data":[{"name":"MooMoo_global_M_root","world_matrix":[1.0000000000000002,0.0,0.0,0.0,0.0,1.0,0.0,0.0,0.0,0.0,1.0000000000000002,0.0,0.0,0.0,0.0,1.0]}],"settings":{"inputs":[{"name":"componentPosition","index":0,"type":"doubleMatrix"}],"outputs":[{"name":"globalOutput","index":0,"type":"doubleMatrix"}],"n_offsets":1}},"786a7020-e9ed-11ef-9cd2-0242ac120002":{"name":"MooMoo_backLegIK_L","cmpt_tag":"quadruped_back_leg_01","guides_data":[{"name":"MooMoo_backLegIK_L_femur","world_matrix":[0.0,-0.9955860968549372,0.09385267044230408,0.0,0.0,-0.09385267044230416,-0.9955860968549372,0.0,1.0,0.0,0.0,0.0,1.6150323212138922,6.5758183696260035,-2.383682392827267,1.0]},{"name":"MooMoo_backLegIK_L_knee","world_matrix":[0.0,-0.6214442881752271,-0.7834583567072251,0.0,0.0,0.7834583567072251,-0.621444288175227,0.0,1.0,0.0,0.0,0.0,1.6150323212138922,3.702868222406646,-2.1128529344650793,1.0]},{"name":"MooMoo_backLegIK_L_heel","world_matrix":[0.0,-0.9616044933184215,0.2744390614140453,0.0,0.0,-0.2744390614140454,-0.9616044933184213,0.0,1.0,0.0,0.0,0.0,1.6150323212138922,2.462886564474055,-3.6761048792589532,1.0]},{"name":"MooMoo_backLegIK_L_ankle","world_matrix":[0.0,-0.9616044933184215,0.2744390614140453,0.0,0.0,-0.2744390614140454,-0.9616044933184213,0.0,1.0,0.0,0.0,0.0,1.6150323212138922,0.6594283776025818,-3.161403278399658,1.0]}],"settings":{"inputs":[{"name":"componentPosition","index":0,"type":"doubleMatrix"},{"name":"start_wMtx","index":1,"type":"doubleMatrix"},{"name":"endPos_offsetMtx","index":2,"type":"doubleMatrix"}],"outputs":[{"name":"hipOutputMatrix","index":0,"type":"doubleMatrix"},{"name":"kneeOutputMatrix","index":1,"type":"doubleMatrix"},{"name":"heelOutputMatrix","index":2,"type":"doubleMatrix"},{"name":"ankleOutputMatrix","index":3,"type":"doubleMatrix"}],"joints":false,"pole_vector_distance":6.5,"orient_ankle_to_world":true}},"7cc1eaae-e9ed-11ef-9cd2-0242ac120002":{"name":"MooMoo_pelvis_M","cmpt_tag":"single_point_01","guides_data":[{"name":"MooMoo_pelvis_M_point","world_matrix":[0.0,-0.9999999999999999,0.0,0.0,0.0,0.0,-1.0,0.0,1.0,0.0,0.0,0.0,1.531693447805701e-17,7.067361109157906,-2.5205840030590188,1.0]}],"settings":{"inputs":[{"name":"componentPosition","index":0,"type":"doubleMatrix"}],"outputs":[{"name":"outputWorldMatrix","index":0,"type":"doubleMatrix"}],"joints":false,"create_control":false,"movable_pivot":false}},"6101b67f-e9f0-11ef-b6c5-846993801060":{"name":"MooMoo_spineFK_M","cmpt_tag":"fk_chain_01","guides_data":[{"name":"MooMoo_spineFK_M_FK001","world_matrix":[-2.2204460492502665e-15,-0.08793143822429475,0.9961265291978549,0.0,-1.8735013540549531e-16,0.9961265291978764,0.08793143822429664,0.0,-1.0000000000000153,2.0816681711722015e-17,-2.220446049250347e-15,0.0,5.540395667191073e-15,6.369505386578962,-1.9838532412236518,1.0]},{"name":"MooMoo_spineFK_M_FK002","world_matrix":[-2.2204460492502843e-15,-0.08793143822429546,0.9961265291978629,0.0,-1.8735013540549593e-16,0.9961265291978797,0.08793143822429693,0.0,-1.000000000000016,2.081668171172203e-17,-2.2204460492503486e-15,0.0,2.5829988408708928e-15,6.252380673714476,-0.6570046325126273,1.0]},{"name":"MooMoo_spineFK_M_FK003","world_matrix":[-2.220446049250237e-15,-0.08793143822429358,0.9961265291978417,0.0,-1.8735013540549522e-16,0.9961265291978759,0.0879314382242966,0.0,-1.0000000000000289,2.0816681711722298e-17,-2.2204460492503774e-15,0.0,-3.9153081195011043e-16,6.13459218106359,0.6773009449990501,1.0]},{"name":"MooMoo_spineFK_M_FK004","world_matrix":[-2.2204460492502397e-15,-0.0879314382242937,0.9961265291978431,0.0,-1.873501354054957e-16,0.9961265291978786,0.08793143822429683,0.0,-1.0000000000000295,2.0816681711722314e-17,-2.220446049250379e-15,0.0,-4.2566783139565105e-15,5.981591758016401,2.4106188184194925,1.0]},{"name":"MooMoo_spineFK_M_FK005","world_matrix":[-2.22044604925016e-15,-0.08793143822429055,0.9961265291978073,0.0,-1.8735013540549544e-16,0.9961265291978771,0.0879314382242967,0.0,-1.0000000000000673,2.08166817117231e-17,-2.220446049250463e-15,0.0,-7.533352497272627e-15,5.838808948637509,3.8811827435743016,1.0]}],"settings":{"inputs":[{"name":"componentPosition","index":0,"type":"doubleMatrix"}],"outputs":[{"name":"outputMatrix001","index":0,"type":"doubleMatrix"},{"name":"outputMatrix002","index":1,"type":"doubleMatrix"},{"name":"outputMatrix003","index":2,"type":"doubleMatrix"},{"name":"outputMatrix004","index":3,"type":"doubleMatrix"},{"name":"outputMatrix005","index":4,"type":"doubleMatrix"}],"joints":false,"n_points":5}},"c8dc513b-e9f0-11ef-8f2c-846993801060":{"name":"MooMoo_spineBlend_M","cmpt_tag":"components_blend_01","guides_data":{},"settings":{"inputs":[{"name":"cmpt01_wMtx001","index":0,"type":"doubleMatrix"},{"name":"cmpt01_wMtx002","index":1,"type":"doubleMatrix"},{"name":"cmpt01_wMtx003","index":2,"type":"doubleMatrix"},{"name":"cmpt01_wMtx004","index":3,"type":"doubleMatrix"},{"name":"cmpt01_wMtx005","index":4,"type":"doubleMatrix"},{"name":"cmpt02_wMtx001","index":5,"type":"doubleMatrix"},{"name":"cmpt02_wMtx002","index":6,"type":"doubleMatrix"},{"name":"cmpt02_wMtx003","index":7,"type":"doubleMatrix"},{"name":"cmpt02_wMtx004","index":8,"type":"doubleMatrix"},{"name":"cmpt02_wMtx005","index":9,"type":"doubleMatrix"}],"outputs":[{"name":"outputBlendMatrix001","index":0,"type":"doubleMatrix"},{"name":"outputBlendMatrix002","index":1,"type":"doubleMatrix"},{"name":"outputBlendMatrix003","index":2,"type":"doubleMatrix"},{"name":"outputBlendMatrix004","index":3,"type":"doubleMatrix"},{"name":"outputBlendMatrix005","index":4,"type":"doubleMatrix"}],"joints":true,"blend_attr_name":"spineBlend","n_points":5}},"0a38c559-e9f1-11ef-b4ee-846993801060":{"name":"MooMoo_backLegFK_L","cmpt_tag":"fk_chain_01","guides_data":[{"name":"MooMoo_backLegFK_L_FK001","world_matrix":[0.0,-0.9955860968549372,0.09385267044230408,0.0,0.0,-0.09385267044230416,-0.9955860968549372,0.0,1.0,0.0,0.0,0.0,1.6150323212138922,6.5758183696260035,-2.383682392827267,1.0]},{"name":"MooMoo_backLegFK_L_FK002","world_matrix":[0.0,-0.6214442881752271,-0.7834583567072251,0.0,0.0,0.7834583567072251,-0.621444288175227,0.0,1.0,0.0,0.0,0.0,1.6150323212138922,3.7028682224066465,-2.1128529344650793,1.0]},{"name":"MooMoo_backLegFK_L_FK003","world_matrix":[0.0,-0.9616044933184215,0.2744390614140453,0.0,0.0,-0.2744390614140452,-0.9616044933184211,0.0,0.9999999999999999,0.0,0.0,0.0,1.6150323212138924,2.4628865644740543,-3.676104879258953,1.0]},{"name":"MooMoo_backLegFK_L_FK004","world_matrix":[1.2325951644078312e-32,5.551115123125783e-17,1.0000000000000002,0.0,1.2246467991473525e-16,0.9999999999999998,-1.1102230246251565e-16,0.0,-0.9999999999999999,1.2246467991473532e-16,-6.162975822039155e-33,0.0,1.6150323212138913,0.6594283776025824,-3.1614032783996584,1.0]}],"settings":{"inputs":[{"name":"componentPosition","index":0,"type":"doubleMatrix"}],"outputs":[{"name":"outputMatrix001","index":0,"type":"doubleMatrix"},{"name":"outputMatrix002","index":1,"type":"doubleMatrix"},{"name":"outputMatrix003","index":2,"type":"doubleMatrix"},{"name":"outputMatrix004","index":3,"type":"doubleMatrix"}],"joints":false,"n_points":4}},"0a38ec47-e9f1-11ef-a747-846993801060":{"name":"MooMoo_backLegBlend_L","cmpt_tag":"components_blend_01","guides_data":{},"settings":{"inputs":[{"name":"cmpt01_wMtx001","index":0,"type":"doubleMatrix"},{"name":"cmpt01_wMtx002","index":1,"type":"doubleMatrix"},{"name":"cmpt01_wMtx003","index":2,"type":"doubleMatrix"},{"name":"cmpt01_wMtx004","index":3,"type":"doubleMatrix"},{"name":"cmpt02_wMtx001","index":4,"type":"doubleMatrix"},{"name":"cmpt02_wMtx002","index":5,"type":"doubleMatrix"},{"name":"cmpt02_wMtx003","index":6,"type":"doubleMatrix"},{"name":"cmpt02_wMtx004","index":7,"type":"doubleMatrix"}],"outputs":[{"name":"outputBlendMatrix001","index":0,"type":"doubleMatrix"},{"name":"outputBlendMatrix002","index":1,"type":"doubleMatrix"},{"name":"outputBlendMatrix003","index":2,"type":"doubleMatrix"},{"name":"outputBlendMatrix004","index":3,"type":"doubleMatrix"}],"joints":true,"blend_attr_name":"FK_IK_blend","n_points":4}},"4abd2f27-e9f1-11ef-a405-846993801060":{"name":"MooMoo_backLegFK_R","cmpt_tag":"fk_chain_01","guides_data":[{"name":"MooMoo_backLegFK_R_FK001","world_matrix":[0.0,-0.9955860968549372,0.09385267044230408,0.0,0.0,-0.09385267044230416,-0.9955860968549372,0.0,1.0,0.0,0.0,0.0,-1.6150323212138922,6.5758183696260035,-2.383682392827267,1.0]},{"name":"MooMoo_backLegFK_R_FK002","world_matrix":[0.0,-0.6214442881752271,-0.7834583567072251,0.0,0.0,0.7834583567072252,-0.6214442881752271,0.0,0.9999999999999998,0.0,0.0,0.0,-1.6150323212138926,3.702868222406645,-2.112852934465079,1.0]},{"name":"MooMoo_backLegFK_R_FK003","world_matrix":[0.0,-0.9616044933184213,0.27443906141404506,0.0,0.0,-0.27443906141404495,-0.961604493318421,0.0,0.9999999999999998,0.0,0.0,0.0,-1.6150323212138917,2.4628865644740543,-3.6761048792589524,1.0]},{"name":"MooMoo_backLegFK_R_FK004","world_matrix":[1.2325951644078315e-32,1.1102230246251565e-16,1.0000000000000004,0.0,1.2246467991473525e-16,0.9999999999999993,-1.1102230246251565e-16,0.0,-0.9999999999999998,1.224646799147353e-16,-1.8488927466117464e-32,0.0,-1.6150323212138928,0.6594283776025829,-3.1614032783996593,1.0]}],"settings":{"inputs":[{"name":"componentPosition","index":0,"type":"doubleMatrix"}],"outputs":[{"name":"outputMatrix001","index":0,"type":"doubleMatrix"},{"name":"outputMatrix002","index":1,"type":"doubleMatrix"},{"name":"outputMatrix003","index":2,"type":"doubleMatrix"},{"name":"outputMatrix004","index":3,"type":"doubleMatrix"}],"joints":false,"n_points":4}},"4abd2f28-e9f1-11ef-9796-846993801060":{"name":"MooMoo_backLegBlend_R","cmpt_tag":"components_blend_01","guides_data":{},"settings":{"inputs":[{"name":"cmpt01_wMtx001","index":0,"type":"doubleMatrix"},{"name":"cmpt01_wMtx002","index":1,"type":"doubleMatrix"},{"name":"cmpt01_wMtx003","index":2,"type":"doubleMatrix"},{"name":"cmpt01_wMtx004","index":3,"type":"doubleMatrix"},{"name":"cmpt02_wMtx001","index":4,"type":"doubleMatrix"},{"name":"cmpt02_wMtx002","index":5,"type":"doubleMatrix"},{"name":"cmpt02_wMtx003","index":6,"type":"doubleMatrix"},{"name":"cmpt02_wMtx004","index":7,"type":"doubleMatrix"}],"outputs":[{"name":"outputBlendMatrix001","index":0,"type":"doubleMatrix"},{"name":"outputBlendMatrix002","index":1,"type":"doubleMatrix"},{"name":"outputBlendMatrix003","index":2,"type":"doubleMatrix"},{"name":"outputBlendMatrix004","index":3,"type":"doubleMatrix"}],"joints":true,"blend_attr_name":"FK_IK_blend","n_points":4}},"76f55749-e9f1-11ef-8ecb-846993801060":{"name":"MooMoo_frontLegFK_R","cmpt_tag":"fk_chain_01","guides_data":[{"name":"MooMoo_frontLegFK_R_FK001","world_matrix":[-4.4408920985005843e-16,-0.9980228219181078,0.06285258093823905,0.0,7.771561172376098e-16,0.06285258093823966,0.9980228219181174,0.0,1.000000000000004,-5.551115123125804e-16,-7.771561172376127e-16,0.0,-1.6240646084801418,3.686264932192983,2.8399313795564636,1.0]},{"name":"MooMoo_frontLegFK_R_FK002","world_matrix":[-4.841538095677518e-16,-0.999944516252221,0.010533964923111386,0.0,7.528492183340287e-16,0.01053396492311353,0.9999445162523289,0.0,1.0000000000000042,-5.551115123125805e-16,-7.771561172376129e-16,0.0,-1.6240646084801418,2.0949348869251367,2.940148727570029,1.0]},{"name":"MooMoo_frontLegFK_R_FK003","world_matrix":[7.477073881904387e-16,5.124373148035488e-15,0.9999999999999062,0.0,4.920574341583633e-16,1.0000000000001896,-1.844011054963346e-15,0.0,0.9999999999999059,-5.551115123125259e-16,-7.771561172375365e-16,0.0,-1.6240646084801427,0.6762293152116212,2.9550941515268163,1.0]}],"settings":{"inputs":[{"name":"componentPosition","index":0,"type":"doubleMatrix"}],"outputs":[{"name":"outputMatrix001","index":0,"type":"doubleMatrix"},{"name":"outputMatrix002","index":1,"type":"doubleMatrix"},{"name":"outputMatrix003","index":2,"type":"doubleMatrix"}],"joints":false,"n_points":3}},"76f5574a-e9f1-11ef-bf46-846993801060":{"name":"MooMoo_frontLegBlend_R","cmpt_tag":"components_blend_01","guides_data":{},"settings":{"inputs":[{"name":"cmpt01_wMtx001","index":0,"type":"doubleMatrix"},{"name":"cmpt01_wMtx002","index":1,"type":"doubleMatrix"},{"name":"cmpt01_wMtx003","index":2,"type":"doubleMatrix"},{"name":"cmpt02_wMtx001","index":3,"type":"doubleMatrix"},{"name":"cmpt02_wMtx002","index":4,"type":"doubleMatrix"},{"name":"cmpt02_wMtx003","index":5,"type":"doubleMatrix"}],"outputs":[{"name":"outputBlendMatrix001","index":0,"type":"doubleMatrix"},{"name":"outputBlendMatrix002","index":1,"type":"doubleMatrix"},{"name":"outputBlendMatrix003","index":2,"type":"doubleMatrix"}],"joints":true,"blend_attr_name":"FK_IK_blend","n_points":3}},"a87ce2f7-e9f1-11ef-8dda-846993801060":{"name":"MooMoo_frontLegFK_L","cmpt_tag":"fk_chain_01","guides_data":[{"name":"MooMoo_frontLegFK_L_FK001","world_matrix":[4.4408920985005823e-16,-0.9980228219181072,0.0628525809382389,0.0,-5.551115123125783e-16,0.06285258093823966,0.9980228219181173,0.0,-1.0000000000000027,-3.330669073875478e-16,-4.440892098500639e-16,0.0,1.6240646084801418,3.686264932192983,2.8399313795564636,1.0]},{"name":"MooMoo_frontLegFK_L_FK002","world_matrix":[4.725328928404206e-16,-0.9999445162522342,0.010533964923111108,0.0,-5.311089178229644e-16,0.010533964923113176,0.999944516252319,0.0,-1.0000000000000004,-3.330669073875471e-16,-4.440892098500629e-16,0.0,1.624064608480142,2.094934886925139,2.9401487275700293,1.0]},{"name":"MooMoo_frontLegFK_L_FK003","world_matrix":[-5.261018049915046e-16,4.631711680858075e-15,0.9999999999999417,0.0,-4.781013576553708e-16,1.0000000000001048,-1.6740081543176188e-15,0.0,-0.9999999999999553,-3.3306690738753207e-16,-4.4408920985004285e-16,0.0,1.6240646084801433,0.6762293152116208,2.9550941515268168,1.0]}],"settings":{"inputs":[{"name":"componentPosition","index":0,"type":"doubleMatrix"}],"outputs":[{"name":"outputMatrix001","index":0,"type":"doubleMatrix"},{"name":"outputMatrix002","index":1,"type":"doubleMatrix"},{"name":"outputMatrix003","index":2,"type":"doubleMatrix"}],"joints":false,"n_points":3}},"a87ce2f8-e9f1-11ef-9b54-846993801060":{"name":"MooMoo_frontLegBlend_L","cmpt_tag":"components_blend_01","guides_data":{},"settings":{"inputs":[{"name":"cmpt01_wMtx001","index":0,"type":"doubleMatrix"},{"name":"cmpt01_wMtx002","index":1,"type":"doubleMatrix"},{"name":"cmpt01_wMtx003","index":2,"type":"doubleMatrix"},{"name":"cmpt02_wMtx001","index":3,"type":"doubleMatrix"},{"name":"cmpt02_wMtx002","index":4,"type":"doubleMatrix"},{"name":"cmpt02_wMtx003","index":5,"type":"doubleMatrix"}],"outputs":[{"name":"outputBlendMatrix001","index":0,"type":"doubleMatrix"},{"name":"outputBlendMatrix002","index":1,"type":"doubleMatrix"},{"name":"outputBlendMatrix003","index":2,"type":"doubleMatrix"}],"joints":true,"blend_attr_name":"FK_IK_blend","n_points":3}},"857e97db-ee48-11ef-9ad2-c85ea9f620a6":{"name":"MooMoo_nail_M","cmpt_tag":"single_point_01","guides_data":[{"name":"MooMoo_nail_M_point","world_matrix":[0.0,-0.6672347686941379,-0.7448474766324179,0.0,0.0,0.7448474766324179,-0.6672347686941379,0.0,1.0,0.0,0.0,0.0,0.0,7.177792219132781,-2.9990948160315556,1.0]}],"settings":{"inputs":[{"name":"componentPosition","index":0,"type":"doubleMatrix"}],"outputs":[{"name":"outputWorldMatrix","index":0,"type":"doubleMatrix"}],"joints":true,"create_control":true,"movable_pivot":false}},"67490758-ef91-11ef-a6ff-a86e8487d4d6":{"name":"MooMoo_uddersMaster_M","cmpt_tag":"single_point_01","guides_data":[{"name":"MooMoo_uddersMaster_M_point","world_matrix":[4.4408920985006237e-16,-0.9939582470890458,-0.10975884038960385,0.0,5.551115123125781e-16,-0.10975884038960387,0.9939582470890458,0.0,-1.0000000000000075,-5.551115123125826e-16,4.44089209850066e-16,0.0,2.1187657783350002e-16,3.4804652125664144,-1.456177069655468,1.0]}],"settings":{"inputs":[{"name":"componentPosition","index":0,"type":"doubleMatrix"}],"outputs":[{"name":"outputWorldMatrix","index":0,"type":"doubleMatrix"}],"joints":true,"create_control":true,"movable_pivot":false}},"82cbf01d-ef9b-11ef-a87b-a86e8487d4d6":{"name":"MooMoo_teat_LF","cmpt_tag":"fk_chain_01","guides_data":[{"name":"MooMoo_teat_LF_FK001","world_matrix":[0.421174541021356,-0.8475401259648514,0.3229361250695457,0.0,0.5559180814011623,0.5225664656896262,0.646435902242367,0.0,-0.7166359555357943,-0.09273631336286754,0.6912545720768605,0.0,0.71782719314478,2.515943849198649,-0.7502730929182052,1.0]},{"name":"MooMoo_teat_LF_FK002","world_matrix":[0.42117454102135626,-0.847540125964852,0.32293612506954594,0.0,0.5559180814011625,0.5225664656896264,0.6464359022423674,0.0,-0.7166359555357951,-0.09273631336286764,0.6912545720768613,0.0,0.8570581643828628,2.2357658626204904,-0.6435175653113756,1.0]},{"name":"MooMoo_teat_LF_FK003","world_matrix":[0.421174541021356,-0.8475401259648514,0.3229361250695457,0.0,0.5559180814011621,0.522566465689626,0.6464359022423668,0.0,-0.7166359555357946,-0.09273631336286758,0.6912545720768609,0.0,0.9908945471128727,1.9664435422290698,-0.5408983454332288,1.0]}],"settings":{"inputs":[{"name":"componentPosition","index":0,"type":"doubleMatrix"}],"outputs":[{"name":"outputMatrix001","index":0,"type":"doubleMatrix"},{"name":"outputMatrix002","index":1,"type":"doubleMatrix"},{"name":"outputMatrix003","index":2,"type":"doubleMatrix"}],"joints":true,"n_points":3}},"10c8cd55-ef9c-11ef-a995-a86e8487d4d6":{"name":"MooMoo_teat_LBa","cmpt_tag":"fk_chain_01","guides_data":[{"name":"MooMoo_teat_LBa_FK001","world_matrix":[0.4001667299841726,-0.8331001187957446,-0.3818517778880729,0.0,0.4917966302522596,0.5468047467024699,-0.6775991761035207,0.0,0.77330631879372,0.08335922892012716,0.6285288985142578,0.0,0.5311708207074127,2.5685743490835717,-2.2637117531043116,1.0]},{"name":"MooMoo_teat_LBa_FK002","world_matrix":[0.4001667299841751,-0.8331001187957499,-0.3818517778880753,0.0,0.4917966302522613,0.5468047467024717,-0.6775991761035229,0.0,0.7733063187937228,0.08335922892012745,0.62852889851426,0.0,0.657351657416788,2.305880671234621,-2.3841175070628746,1.0]},{"name":"MooMoo_teat_LBa_FK003","world_matrix":[0.4001667299841743,-0.8331001187957483,-0.38185177788807456,0.0,0.49179663025226017,0.5468047467024705,-0.6775991761035214,0.0,0.7733063187937218,0.08335922892012734,0.6285288985142591,0.0,0.7735076988277192,2.0640574394479345,-2.4949572835904257,1.0]}],"settings":{"inputs":[{"name":"componentPosition","index":0,"type":"doubleMatrix"}],"outputs":[{"name":"outputMatrix001","index":0,"type":"doubleMatrix"},{"name":"outputMatrix002","index":1,"type":"doubleMatrix"},{"name":"outputMatrix003","index":2,"type":"doubleMatrix"}],"joints":true,"n_points":3}},"5d7b15d8-ef9c-11ef-9cfd-a86e8487d4d6":{"name":"MooMoo_teat_RBa","cmpt_tag":"fk_chain_01","guides_data":[{"name":"MooMoo_teat_RBa_FK001","world_matrix":[-0.4118549588412422,-0.8317392907144682,-0.37227039253701544,0.0,-0.4917966302522583,0.546804746702474,-0.6775991761035179,0.0,-0.7671450758170842,0.09599125619258479,0.6342508268691245,0.0,-0.5311708207074113,2.5685743490835717,-2.263711753104312,1.0]},{"name":"MooMoo_teat_RBa_FK002","world_matrix":[-0.41185495884124357,-0.831739290714471,-0.37227039253701666,0.0,-0.49179663025226134,0.5468047467024775,-0.6775991761035222,0.0,-0.7671450758170877,0.09599125619258522,0.6342508268691273,0.0,-0.6610371974338048,2.306309768440979,-2.38109629832701,1.0]},{"name":"MooMoo_teat_RBa_FK003","world_matrix":[-0.4118549588412423,-0.8317392907144684,-0.3722703925370155,0.0,-0.49179663025226084,0.5468047467024769,-0.6775991761035215,0.0,-0.767145075817087,0.09599125619258514,0.6342508268691267,0.0,-0.7805859706572854,2.0648815430131844,-2.4891548946358664,1.0]}],"settings":{"inputs":[{"name":"componentPosition","index":0,"type":"doubleMatrix"}],"outputs":[{"name":"outputMatrix001","index":0,"type":"doubleMatrix"},{"name":"outputMatrix002","index":1,"type":"doubleMatrix"},{"name":"outputMatrix003","index":2,"type":"doubleMatrix"}],"joints":true,"n_points":3}},"99953ee3-ef9c-11ef-8e83-a86e8487d4d6":{"name":"MooMoo_teat_RF","cmpt_tag":"fk_chain_01","guides_data":[{"name":"MooMoo_teat_RF_FK001","world_matrix":[-0.4211745410213552,-0.8475401259648516,0.3229361250695452,0.0,-0.5559180814011627,0.5225664656896253,0.6464359022423667,0.0,0.7166359555357934,-0.09273631336286697,0.6912545720768601,0.0,-0.7178271931447794,2.5159438491986483,-0.750273092918206,1.0]},{"name":"MooMoo_teat_RF_FK002","world_matrix":[-0.42117454102135576,-0.8475401259648527,0.32293612506954567,0.0,-0.555918081401163,0.5225664656896255,0.646435902242367,0.0,0.7166359555357945,-0.09273631336286711,0.6912545720768613,0.0,-0.8570581643828625,2.235765862620491,-0.643517565311376,1.0]},{"name":"MooMoo_teat_RF_FK003","world_matrix":[-0.4211745410213553,-0.8475401259648518,0.32293612506954533,0.0,-0.5559180814011625,0.5225664656896251,0.6464359022423665,0.0,0.7166359555357943,-0.09273631336286708,0.691254572076861,0.0,-0.9908945471128723,1.966443542229069,-0.5408983454332293,1.0]}],"settings":{"inputs":[{"name":"componentPosition","index":0,"type":"doubleMatrix"}],"outputs":[{"name":"outputMatrix001","index":0,"type":"doubleMatrix"},{"name":"outputMatrix002","index":1,"type":"doubleMatrix"},{"name":"outputMatrix003","index":2,"type":"doubleMatrix"}],"joints":true,"n_points":3}},"024189f4-f450-11ef-9a2f-846993801060":{"name":"MooMoo_backFootIK_L","cmpt_tag":"foot_roll_01","guides_data":[{"name":"MooMoo_backFootIK_L_heel","world_matrix":[0.0,0.0,1.0,0.0,0.0,1.0,0.0,0.0,-1.0,0.0,0.0,0.0,1.6013489149720341,0.0,-3.6646927116875254,1.0]},{"name":"MooMoo_backFootIK_L_tip","world_matrix":[0.0,0.0,1.0,0.0,0.0,1.0,0.0,0.0,-1.0,0.0,0.0,0.0,1.6013489149720341,0.0,-2.4009237406612898,1.0]},{"name":"MooMoo_backFootIK_L_phalanges","world_matrix":[0.0,0.0,1.0,0.0,0.0,1.0,0.0,0.0,-1.0,0.0,0.0,0.0,1.6013489149720341,0.0,-2.824572939490247,1.0]},{"name":"MooMoo_backFootIK_L_ankle","world_matrix":[0.0,0.0,1.0,0.0,0.0,1.0,0.0,0.0,-1.0,0.0,0.0,0.0,1.6013489149720341,0.6594283776025816,-3.161403278399658,1.0]},{"name":"MooMoo_backFootIK_L_posBank","world_matrix":[0.0,0.0,1.0,0.0,0.0,1.0,0.0,0.0,-1.0,0.0,0.0,0.0,1.0865850874245777,0.0,-2.95907216962364,1.0]},{"name":"MooMoo_backFootIK_L_negBank","world_matrix":[0.0,0.0,1.0,0.0,0.0,1.0,0.0,0.0,-1.0,0.0,0.0,0.0,2.124509642981253,0.0,-2.9590721696236395,1.0]}],"settings":{"inputs":[{"name":"componentPosition","index":0,"type":"doubleMatrix"},{"name":"footRoll","index":1,"type":"double"},{"name":"bendStartAngle","index":2,"type":"angle"},{"name":"bank","index":3,"type":"double"},{"name":"heelTwist","index":4,"type":"double"},{"name":"tipTwist","index":5,"type":"double"}],"outputs":[{"name":"ankleOutputMatrix","index":0,"type":"doubleMatrix"},{"name":"phalanxOutputMatrix","index":1,"type":"doubleMatrix"},{"name":"ankleOffsetMatrix","index":2,"type":"doubleMatrix"}],"joints":false,"tweaks":true,"phalanges":false}},"23668a77-f452-11ef-89cb-846993801060":{"name":"MooMoo_backFootIK_R","cmpt_tag":"foot_roll_01","guides_data":[{"name":"MooMoo_backFootIK_R_heel","world_matrix":[0.0,0.0,1.0,0.0,0.0,1.0,0.0,0.0,-1.0,0.0,0.0,0.0,-1.6013489149720341,0.0,-3.6646927116875254,1.0]},{"name":"MooMoo_backFootIK_R_tip","world_matrix":[0.0,0.0,1.0,0.0,0.0,1.0,0.0,0.0,-1.0,0.0,0.0,0.0,-1.6013489149720341,0.0,-2.4009237406612898,1.0]},{"name":"MooMoo_backFootIK_R_phalanges","world_matrix":[0.0,0.0,1.0,0.0,0.0,1.0,0.0,0.0,-1.0,0.0,0.0,0.0,-1.6013489149720341,0.0,-2.824572939490247,1.0]},{"name":"MooMoo_backFootIK_R_ankle","world_matrix":[0.0,0.0,1.0,0.0,0.0,1.0,0.0,0.0,-1.0,0.0,0.0,0.0,-1.6013489149720341,0.6594283776025816,-3.161403278399658,1.0]},{"name":"MooMoo_backFootIK_R_posBank","world_matrix":[0.0,0.0,1.0,0.0,0.0,1.0,0.0,0.0,-1.0,0.0,0.0,0.0,-2.1161127425194906,0.0,-2.95907216962364,1.0]},{"name":"MooMoo_backFootIK_R_negBank","world_matrix":[0.0,0.0,1.0,0.0,0.0,1.0,0.0,0.0,-1.0,0.0,0.0,0.0,-1.0781881869628154,0.0,-2.9590721696236395,1.0]}],"settings":{"inputs":[{"name":"componentPosition","index":0,"type":"doubleMatrix"},{"name":"footRoll","index":1,"type":"double"},{"name":"bendStartAngle","index":2,"type":"angle"},{"name":"bank","index":3,"type":"double"},{"name":"heelTwist","index":4,"type":"double"},{"name":"tipTwist","index":5,"type":"double"}],"outputs":[{"name":"ankleOutputMatrix","index":0,"type":"doubleMatrix"},{"name":"phalanxOutputMatrix","index":1,"type":"doubleMatrix"},{"name":"ankleOffsetMatrix","index":2,"type":"doubleMatrix"}],"joints":false,"tweaks":true,"phalanges":false}},"5cba4627-f485-11ef-8f0b-c85ea9f620a6":{"name":"MooMoo_neck_M","cmpt_tag":"fk_chain_01","guides_data":[{"name":"MooMoo_neck_M_FK001","world_matrix":[-0.00012997010951054576,0.8888063924178906,0.45828286014736946,0.0,-6.766538287339425e-05,0.4582828551523464,-0.8888064019204696,0.0,-0.9999999892645886,-0.00014652815058724479,5.783519723134874e-07,0.0,-7.533352497272628e-15,5.838808948637509,3.8811827435743016,1.0]},{"name":"MooMoo_neck_M_FK002","world_matrix":[-0.00012997010951054647,0.8888063924178954,0.4582828601473719,0.0,-6.766538287339423e-05,0.4582828551523462,-0.8888064019204691,0.0,-0.9999999892645884,-0.00014652815058724476,5.783519723134873e-07,0.0,-0.00015947382392280803,6.929377808304509,4.443497574407424,1.0]}],"settings":{"inputs":[{"name":"componentPosition","index":0,"type":"doubleMatrix"}],"outputs":[{"name":"outputMatrix001","index":0,"type":"doubleMatrix"},{"name":"outputMatrix002","index":1,"type":"doubleMatrix"}],"joints":false,"n_points":2}},"6f95c104-f8e7-11ef-a70b-846993801060":{"name":"MooMoo_frontFootIK_L","cmpt_tag":"foot_roll_01","guides_data":[{"name":"MooMoo_frontFootIK_L_heel","world_matrix":[0.0,0.0,1.0,0.0,0.0,1.0,0.0,0.0,-1.0,0.0,0.0,0.0,1.6188150962480639,0.0,2.4944368962579926,1.0]},{"name":"MooMoo_frontFootIK_L_tip","world_matrix":[0.0,0.0,1.0,0.0,0.0,1.0,0.0,0.0,-1.0,0.0,0.0,0.0,1.6188150962480639,0.0,3.5615576967203864,1.0]},{"name":"MooMoo_frontFootIK_L_phalanges","world_matrix":[0.0,0.0,1.0,0.0,0.0,1.0,0.0,0.0,-1.0,0.0,0.0,0.0,1.6188150962480639,0.0,3.280391835323783,1.0]},{"name":"MooMoo_frontFootIK_L_ankle","world_matrix":[0.0,0.0,1.0,0.0,0.0,1.0,0.0,0.0,-1.0,0.0,0.0,0.0,1.6188150962480639,0.6762293152116206,2.9550941515268168,1.0]},{"name":"MooMoo_frontFootIK_L_posBank","world_matrix":[0.0,0.0,1.0,0.0,0.0,1.0,0.0,0.0,-1.0,0.0,0.0,0.0,1.1746461770093466,0.0,3.11864821870327,1.0]},{"name":"MooMoo_frontFootIK_L_negBank","world_matrix":[0.0,0.0,1.0,0.0,0.0,1.0,0.0,0.0,-1.0,0.0,0.0,0.0,2.0947814726626133,0.0,3.11864821870327,1.0]}],"settings":{"inputs":[{"name":"componentPosition","index":0,"type":"doubleMatrix"},{"name":"footRoll","index":1,"type":"double"},{"name":"bendStartAngle","index":2,"type":"angle"},{"name":"bank","index":3,"type":"double"},{"name":"heelTwist","index":4,"type":"double"},{"name":"tipTwist","index":5,"type":"double"}],"outputs":[{"name":"ankleOutputMatrix","index":0,"type":"doubleMatrix"},{"name":"phalanxOutputMatrix","index":1,"type":"doubleMatrix"},{"name":"ankleOffsetMatrix","index":2,"type":"doubleMatrix"}],"joints":false,"tweaks":true,"phalanges":false}},"e9344d6e-f8e7-11ef-bcca-846993801060":{"name":"MooMoo_frontFootIK_R","cmpt_tag":"foot_roll_01","guides_data":[{"name":"MooMoo_frontFootIK_R_heel","world_matrix":[0.0,0.0,1.0,0.0,0.0,1.0,0.0,0.0,-1.0,0.0,0.0,0.0,-1.6188150962480639,0.0,2.4944368962579926,1.0]},{"name":"MooMoo_frontFootIK_R_tip","world_matrix":[0.0,0.0,1.0,0.0,0.0,1.0,0.0,0.0,-1.0,0.0,0.0,0.0,-1.6188150962480639,0.0,3.5615576967203864,1.0]},{"name":"MooMoo_frontFootIK_R_phalanges","world_matrix":[0.0,0.0,1.0,0.0,0.0,1.0,0.0,0.0,-1.0,0.0,0.0,0.0,-1.6188150962480639,0.0,3.280391835323783,1.0]},{"name":"MooMoo_frontFootIK_R_ankle","world_matrix":[0.0,0.0,1.0,0.0,0.0,1.0,0.0,0.0,-1.0,0.0,0.0,0.0,-1.6188150962480639,0.6762293152116206,2.9932925155544425,1.0]},{"name":"MooMoo_frontFootIK_R_posBank","world_matrix":[0.0,0.0,1.0,0.0,0.0,1.0,0.0,0.0,-1.0,0.0,0.0,0.0,-2.062984015486781,0.0,3.11864821870327,1.0]},{"name":"MooMoo_frontFootIK_R_negBank","world_matrix":[0.0,0.0,1.0,0.0,0.0,1.0,0.0,0.0,-1.0,0.0,0.0,0.0,-1.1428487198335144,0.0,3.11864821870327,1.0]}],"settings":{"inputs":[{"name":"componentPosition","index":0,"type":"doubleMatrix"},{"name":"footRoll","index":1,"type":"double"},{"name":"bendStartAngle","index":2,"type":"angle"},{"name":"bank","index":3,"type":"double"},{"name":"heelTwist","index":4,"type":"double"},{"name":"tipTwist","index":5,"type":"double"}],"outputs":[{"name":"ankleOutputMatrix","index":0,"type":"doubleMatrix"},{"name":"phalanxOutputMatrix","index":1,"type":"doubleMatrix"},{"name":"ankleOffsetMatrix","index":2,"type":"doubleMatrix"}],"joints":false,"tweaks":true,"phalanges":false}},"6b2e34da-fdb2-11ef-8eab-846993801060":{"name":"MooMoo_frontLegIK_L","cmpt_tag":"two_bone_ik_01","guides_data":[{"name":"MooMoo_frontLegIK_L_start","world_matrix":[3.3306690738754395e-16,-0.9980228219181083,0.06285258093823892,0.0,-4.996003610813211e-16,0.06285258093823949,0.9980228219181184,0.0,-1.0000000000000049,-4.996003610813229e-16,-6.661338147750971e-16,0.0,1.6240646084801418,3.686264932192983,2.8399313795564636,1.0]},{"name":"MooMoo_frontLegIK_L_mid","world_matrix":[3.5875751340307183e-16,-0.9999445162522476,0.010533964923111212,0.0,-4.814843010588655e-16,0.01053396492311287,0.9999445162523104,0.0,-0.9999999999999989,-4.9960036108131995e-16,-6.66133814775093e-16,0.0,1.6240646084801422,2.094934886925138,2.9401487275700298,1.0]},{"name":"MooMoo_frontLegIK_L_end","world_matrix":[-4.776784474432484e-16,4.1858877475320355e-15,0.999999999999962,0.0,-3.6380954693011196e-16,1.000000000000043,-1.8665624601510444e-15,0.0,-0.9999999999999979,-4.996003610813195e-16,-6.661338147750923e-16,0.0,1.6240646084801427,0.676229315211621,2.9550941515268154,1.0]}],"settings":{"inputs":[{"name":"componentPosition","index":0,"type":"doubleMatrix"},{"name":"start_wMtx","index":1,"type":"doubleMatrix"},{"name":"endPos_offsetMtx","index":2,"type":"doubleMatrix"}],"outputs":[{"name":"startOutputMatrix","index":0,"type":"doubleMatrix"},{"name":"midOutputMatrix","index":1,"type":"doubleMatrix"},{"name":"endOutputMatrix","index":2,"type":"doubleMatrix"}],"joints":false,"root_control":true,"neutralise_end_rotation":true,"pole_vector_distance":5,"min_length_percentage":0.1,"pop_removal_percentage":1e-06}},"fcd39e15-fdb2-11ef-bdd3-846993801060":{"name":"MooMoo_frontLegIK_R","cmpt_tag":"two_bone_ik_01","guides_data":[{"name":"MooMoo_frontLegIK_R_start","world_matrix":[-4.4408920985005813e-16,-0.998022821918107,0.06285258093823888,0.0,3.3306690738754686e-16,0.06285258093823964,0.9980228219181171,0.0,1.0000000000000024,-5.551115123125797e-16,-4.440892098500638e-16,0.0,-1.6240646084801418,3.686264932192983,2.8399313795564636,1.0]},{"name":"MooMoo_frontLegIK_R_mid","world_matrix":[-4.609119761130827e-16,-0.9999445162522343,0.010533964923110935,0.0,3.093855517988434e-16,0.010570704144970008,0.9999441292211709,0.0,1.000000000000001,-5.551115123125789e-16,-4.440892098500632e-16,0.0,-1.6240646084801424,2.094934886925138,2.94014872757003,1.0]},{"name":"MooMoo_frontLegIK_R_end","world_matrix":[3.0451315533989104e-16,3.673718343174398e-05,0.9999996129902672,0.0,4.641341310033779e-16,0.999999998654925,-3.6616298940202185e-05,0.0,1.0000003870097798,-5.551117271461624e-16,-4.4408938171693e-16,0.0,-1.6240646084801431,0.6762293152116212,2.9550941515268154,1.0]}],"settings":{"inputs":[{"name":"componentPosition","index":0,"type":"doubleMatrix"},{"name":"start_wMtx","index":1,"type":"doubleMatrix"},{"name":"endP