{"61cde978-e9ed-11ef-9cd2-0242ac120002":{"name":"MooMoo_head_M","cmpt_tag":"single_point_01","guides_data":[{"name":"MooMoo_head_M_point","world_matrix":[0,0,0.9999999999999998,0,0,0.9999999999999996,0,0,-0.9999999999999996,0,0,0,-1.925929944387236e-34,8.993441022091075,6.192555472861097,1]}],"settings":{"inputs":[{"name":"componentPosition","index":0,"type":"doubleMatrix"}],"outputs":[{"name":"outputWorldMatrix","index":0,"type":"doubleMatrix"}],"joints":true,"create_control":true,"movable_pivot":false}},"6bdbf43c-e9ed-11ef-9cd2-0242ac120002":{"name":"MooMoo_backLegIK_R","cmpt_tag":"quadruped_back_leg_01","guides_data":[{"name":"MooMoo_backLegIK_R_femur","world_matrix":[0,-0.9942216268928366,0.10734689850462142,0,0,-0.10734689850462154,-0.9942216268928366,0,1,0,0,0,-1.742,7.641498088222388,-2.786038010191091,1]},{"name":"MooMoo_backLegIK_R_knee","world_matrix":[0,-0.7616172278702762,-0.6480271585444516,0,0,0.6480271585444515,-0.7616172278702762,0,1,0,0,0,-1.742,4.678358064134951,-2.466105428946828,1]},{"name":"MooMoo_backLegIK_R_heel","world_matrix":[0,-0.966942740288371,0.2549936018876075,0,0,-0.25499360188760756,-0.966942740288371,0,1,0,0,0,-1.742,2.8241002077006296,-4.04381324061745,1]},{"name":"MooMoo_backLegIK_R_ankle","world_matrix":[0,-0.966942740288371,0.2549936018876075,0,0,-0.25499360188760756,-0.966942740288371,0,1,0,0,0,-1.742,0.717406873298275,-3.488254675431197,1]}],"settings":{"inputs":[{"name":"componentPosition","index":0,"type":"doubleMatrix"},{"name":"start_wMtx","index":1,"type":"doubleMatrix"},{"name":"endPos_offsetMtx","index":2,"type":"doubleMatrix"}],"outputs":[{"name":"hipOutputMatrix","index":0,"type":"doubleMatrix"},{"name":"kneeOutputMatrix","index":1,"type":"doubleMatrix"},{"name":"heelOutputMatrix","index":2,"type":"doubleMatrix"},{"name":"ankleOutputMatrix","index":3,"type":"doubleMatrix"}],"joints":false,"pole_vector_distance":6.5,"orient_ankle_to_world":true}},"6f117adc-e9ed-11ef-9cd2-0242ac120002":{"name":"MooMoo_spineIK_M","cmpt_tag":"quadruped_spine_01","guides_data":[{"name":"MooMoo_spineIK_M_back","world_matrix":[0,-0.15036688666776704,0.9886302642514159,0,0,0.9886302642514253,0.15036688666776843,0,-1.0000000000000044,0,0,0,0,7.39663446838694,-2.5997662523379956,1]},{"name":"MooMoo_spineIK_M_mid","world_matrix":[0,-0.15036688666776776,0.9886302642514206,0,0,0.9886302642514251,0.1503668866677684,0,-1,0,0,0,0,6.89548,0.6951899999999995,1]},{"name":"MooMoo_spineIK_M_chest","world_matrix":[1.6940658945085964e-21,-0.039406775200858474,0.9992232513649068,0,-0.00014652929193667647,0.9992232406378357,0.03940677477781153,0,-0.9999999892645881,-0.00014641547550916508,-0.000005774246867689772,0,0,6.394334050385609,3.990145589737523,1]}],"settings":{"inputs":[{"name":"componentPosition","index":0,"type":"doubleMatrix"}],"outputs":[{"name":"outputMatrix001","index":0,"type":"doubleMatrix"},{"name":"outputMatrix002","index":1,"type":"doubleMatrix"},{"name":"outputMatrix003","index":2,"type":"doubleMatrix"},{"name":"outputMatrix004","index":3,"type":"doubleMatrix"},{"name":"outputMatrix005","index":4,"type":"doubleMatrix"}],"joints":false,"n_points":5}},"714efa72-e9ed-11ef-9cd2-0242ac120002":{"name":"MooMoo_tailFK_M","cmpt_tag":"fk_tail_01","guides_data":[{"name":"MooMoo_tailFK_M_FK001","world_matrix":[0,-0.6743023875837234,-0.7384553406258838,0,0,0.7384553406258837,-0.6743023875837233,0,1,0,0,0,0,8.376231609264007,-3.7232345341067385,1]},{"name":"MooMoo_tailFK_M_FK002","world_matrix":[0,-0.6743023875837234,-0.7384553406258838,0,0,0.7384553406258837,-0.6743023875837233,0,1,0,0,0,0,8.151102399576699,-3.9697824780050297,1]},{"name":"MooMoo_tailFK_M_FK003","world_matrix":[0,-0.6743023875837234,-0.7384553406258838,0,0,0.7384553406258837,-0.6743023875837233,0,1,0,0,0,0,7.919725698402007,-4.223172298099099,1]},{"name":"MooMoo_tailFK_M_FK004","world_matrix":[0,-0.6743023875837234,-0.7384553406258838,0,0,0.7384553406258837,-0.6743023875837233,0,1,0,0,0,0,7.682029105833916,-4.48348328240311,1]},{"name":"MooMoo_tailFK_M_FK005","world_matrix":[0,-0.6743023875837234,-0.7384553406258838,0,0,0.7384553406258837,-0.6743023875837233,0,1,0,0,0,0,7.439545114879894,-4.749037136925179,1]},{"name":"MooMoo_tailFK_M_FK006","world_matrix":[0,-0.6743023875837234,-0.7384553406258838,0,0,0.7384553406258837,-0.6743023875837233,0,1,0,0,0,0,7.191664335264305,-5.020501229172527,1]},{"name":"MooMoo_tailFK_M_FK007","world_matrix":[0,-0.6743023875837234,-0.7384553406258838,0,0,0.7384553406258837,-0.6743023875837233,0,1,0,0,0,0,6.943801092632053,-5.291946115972527,1]},{"name":"MooMoo_tailFK_M_FK008","world_matrix":[0,-0.6743023875837234,-0.7384553406258838,0,0,0.7384553406258837,-0.6743023875837233,0,1,0,0,0,0,6.695937867165382,-5.56339098397382,1]},{"name":"MooMoo_tailFK_M_FK009","world_matrix":[0,-0.6743023875837234,-0.7384553406258838,0,0,0.7384553406258837,-0.6743023875837233,0,1,0,0,0,0,6.4424662320656845,-5.840977844235807,1]},{"name":"MooMoo_tailFK_M_FK010","world_matrix":[0,-0.6743023875837234,-0.7384553406258838,0,0,0.7384553406258837,-0.6743023875837233,0,1,0,0,0,0,6.183389218122339,-6.124703377620682,1]},{"name":"MooMoo_tailFK_M_FK011","world_matrix":[0,-0.6743023875837234,-0.7384553406258838,0,0,0.7384553406258837,-0.6743023875837233,0,1,0,0,0,0,5.924310588060651,-6.408430680880938,1]},{"name":"MooMoo_tailFK_M_FK012","world_matrix":[0,-0.6743023875837234,-0.7384553406258838,0,0,0.7384553406258837,-0.6743023875837233,0,1,0,0,0,0,5.665233338338798,-6.692156472476216,1]},{"name":"MooMoo_tailFK_M_FK013","world_matrix":[0,-0.6743023875837234,-0.7384553406258838,0,0,0.7384553406258837,-0.6743023875837233,0,1,0,0,0,0,5.406155145502922,-6.975883296913106,1]},{"name":"MooMoo_tailFK_M_FK014","world_matrix":[0,-0.6743023875837234,-0.7384553406258838,0,0,0.7384553406258837,-0.6743023875837233,0,1,0,0,0,0,5.146774437345449,-7.259941417900266,1]},{"name":"MooMoo_tailFK_M_FK015","world_matrix":[0,-0.6743023875837234,-0.7384553406258838,0,0,0.7384553406258837,-0.6743023875837233,0,1,0,0,0,0,4.888000427446285,-7.543335119515338,1]},{"name":"MooMoo_tailFK_M_FK016","world_matrix":[0,-0.6743023875837234,-0.7384553406258838,0,0,0.7384553406258837,-0.6743023875837233,0,1,0,0,0,0,4.630290135482148,-7.825563901348839,1]},{"name":"MooMoo_tailFK_M_FK017","world_matrix":[0,-0.6743023875837234,-0.7384553406258838,0,0,0.7384553406258837,-0.6743023875837233,0,1,0,0,0,0,4.4118161619050165,-8.064823431711629,1]},{"name":"MooMoo_tailFK_M_FK018","world_matrix":[0,-0.6743023875837234,-0.7384553406258838,0,0,0.7384553406258837,-0.6743023875837233,0,1,0,0,0,0,4.193342188327889,-8.304082962074416,1]}],"settings":{"inputs":[{"name":"componentPosition","index":0,"type":"doubleMatrix"}],"outputs":[{"name":"outputMatrix001","index":0,"type":"doubleMatrix"},{"name":"outputMatrix002","index":1,"type":"doubleMatrix"},{"name":"outputMatrix003","index":2,"type":"doubleMatrix"},{"name":"outputMatrix004","index":3,"type":"doubleMatrix"},{"name":"outputMatrix005","index":4,"type":"doubleMatrix"},{"name":"outputMatrix006","index":5,"type":"doubleMatrix"},{"name":"outputMatrix007","index":6,"type":"doubleMatrix"},{"name":"outputMatrix008","index":7,"type":"doubleMatrix"},{"name":"outputMatrix009","index":8,"type":"doubleMatrix"},{"name":"outputMatrix010","index":9,"type":"doubleMatrix"},{"name":"outputMatrix011","index":10,"type":"doubleMatrix"},{"name":"outputMatrix012","index":11,"type":"doubleMatrix"},{"name":"outputMatrix013","index":12,"type":"doubleMatrix"},{"name":"outputMatrix014","index":13,"type":"doubleMatrix"},{"name":"outputMatrix015","index":14,"type":"doubleMatrix"},{"name":"outputMatrix016","index":15,"type":"doubleMatrix"},{"name":"outputMatrix017","index":16,"type":"doubleMatrix"},{"name":"outputMatrix018","index":17,"type":"doubleMatrix"}],"joints":true,"n_points":18,"masters_positions":[0,8]}},"75de4b10-e9ed-11ef-9cd2-0242ac120002":{"name":"MooMoo_global_M","cmpt_tag":"global_01","guides_data":[{"name":"MooMoo_global_M_root","world_matrix":[1.0000000000000002,0,0,0,0,1,0,0,0,0,1.0000000000000002,0,0,0,0,1]}],"settings":{"inputs":[{"name":"componentPosition","index":0,"type":"doubleMatrix"}],"outputs":[{"name":"globalOutput","index":0,"type":"doubleMatrix"}],"n_offsets":1}},"786a7020-e9ed-11ef-9cd2-0242ac120002":{"name":"MooMoo_backLegIK_L","cmpt_tag":"quadruped_back_leg_01","guides_data":[{"name":"MooMoo_backLegIK_L_femur","world_matrix":[0,-0.9942216268928366,0.10734689850462142,0,0,-0.10734689850462154,-0.9942216268928366,0,1,0,0,0,1.7421825143586478,7.641498088222388,-2.786038010191091,1]},{"name":"MooMoo_backLegIK_L_knee","world_matrix":[0,-0.7616172278702762,-0.6480271585444516,0,0,0.6480271585444515,-0.7616172278702762,0,1,0,0,0,1.7421825143586478,4.678358064134951,-2.466105428946828,1]},{"name":"MooMoo_backLegIK_L_heel","world_matrix":[0,-0.966942740288371,0.2549936018876075,0,0,-0.25499360188760756,-0.966942740288371,0,1,0,0,0,1.7421825143586478,2.8241002077006296,-4.04381324061745,1]},{"name":"MooMoo_backLegIK_L_ankle","world_matrix":[0,-0.966942740288371,0.2549936018876075,0,0,-0.25499360188760756,-0.966942740288371,0,1,0,0,0,1.7421825143586478,0.717406873298275,-3.488254675431197,1]}],"settings":{"inputs":[{"name":"componentPosition","index":0,"type":"doubleMatrix"},{"name":"start_wMtx","index":1,"type":"doubleMatrix"},{"name":"endPos_offsetMtx","index":2,"type":"doubleMatrix"}],"outputs":[{"name":"hipOutputMatrix","index":0,"type":"doubleMatrix"},{"name":"kneeOutputMatrix","index":1,"type":"doubleMatrix"},{"name":"heelOutputMatrix","index":2,"type":"doubleMatrix"},{"name":"ankleOutputMatrix","index":3,"type":"doubleMatrix"}],"joints":false,"pole_vector_distance":6.5,"orient_ankle_to_world":true}},"7cc1eaae-e9ed-11ef-9cd2-0242ac120002":{"name":"MooMoo_pelvis_M","cmpt_tag":"single_point_01","guides_data":[{"name":"MooMoo_pelvis_M_point","world_matrix":[0,-0.9999999999999999,0,0,0,0,-1,0,1,0,0,0,1.531693447805701e-17,7.962648556876059,-3.0231409329375465,1]}],"settings":{"inputs":[{"name":"componentPosition","index":0,"type":"doubleMatrix"}],"outputs":[{"name":"outputWorldMatrix","index":0,"type":"doubleMatrix"}],"joints":false,"create_control":false,"movable_pivot":false}},"6101b67f-e9f0-11ef-b6c5-846993801060":{"name":"MooMoo_spineFK_M","cmpt_tag":"fk_chain_01","guides_data":[{"name":"MooMoo_spineFK_M_FK001","world_matrix":[0,-0.15036688666776768,0.9886302642514202,0,0,0.9886302642514251,0.1503668866677684,0,-1,0,0,0,0,7.39663446838694,-2.599766252337995,1]},{"name":"MooMoo_spineFK_M_FK002","world_matrix":[0,-0.15036688666776848,0.9886302642514254,0,0,0.9886302642514275,0.15036688666776876,0,-1,0,0,0,0,7.1460599999999905,-0.9522880000000049,1]},{"name":"MooMoo_spineFK_M_FK003","world_matrix":[0,-0.1503668866677682,0.9886302642514236,0,0,0.9886302642514251,0.1503668866677684,0,-1,0,0,0,0,6.895479999999998,0.6951900000000004,1]},{"name":"MooMoo_spineFK_M_FK004","world_matrix":[0,-0.15036688666776835,0.9886302642514245,0,0,0.988630264251426,0.15036688666776854,0,-1,0,0,0,0,6.6449099999999985,2.34267,1]},{"name":"MooMoo_spineFK_M_FK005","world_matrix":[1.6940658945085948e-21,-0.039406775200858085,0.9992232513649097,0,-0.0001465292919366763,0.9992232406378346,0.039406774777810336,0,-0.9999999892645866,-0.00014641547550916516,-0.000005774246867689613,0,0,6.394334050385596,3.990145589737522,1]}],"settings":{"inputs":[{"name":"componentPosition","index":0,"type":"doubleMatrix"}],"outputs":[{"name":"outputMatrix001","index":0,"type":"doubleMatrix"},{"name":"outputMatrix002","index":1,"type":"doubleMatrix"},{"name":"outputMatrix003","index":2,"type":"doubleMatrix"},{"name":"outputMatrix004","index":3,"type":"doubleMatrix"},{"name":"outputMatrix005","index":4,"type":"doubleMatrix"}],"joints":false,"n_points":5}},"c8dc513b-e9f0-11ef-8f2c-846993801060":{"name":"MooMoo_spineBlend_M","cmpt_tag":"components_blend_01","guides_data":{},"settings":{"inputs":[{"name":"cmpt01_wMtx001","index":0,"type":"doubleMatrix"},{"name":"cmpt01_wMtx002","index":1,"type":"doubleMatrix"},{"name":"cmpt01_wMtx003","index":2,"type":"doubleMatrix"},{"name":"cmpt01_wMtx004","index":3,"type":"doubleMatrix"},{"name":"cmpt01_wMtx005","index":4,"type":"doubleMatrix"},{"name":"cmpt02_wMtx001","index":5,"type":"doubleMatrix"},{"name":"cmpt02_wMtx002","index":6,"type":"doubleMatrix"},{"name":"cmpt02_wMtx003","index":7,"type":"doubleMatrix"},{"name":"cmpt02_wMtx004","index":8,"type":"doubleMatrix"},{"name":"cmpt02_wMtx005","index":9,"type":"doubleMatrix"}],"outputs":[{"name":"outputBlendMatrix001","index":0,"type":"doubleMatrix"},{"name":"outputBlendMatrix002","index":1,"type":"doubleMatrix"},{"name":"outputBlendMatrix003","index":2,"type":"doubleMatrix"},{"name":"outputBlendMatrix004","index":3,"type":"doubleMatrix"},{"name":"outputBlendMatrix005","index":4,"type":"doubleMatrix"}],"joints":true,"blend_attr_name":"spineBlend","n_points":5}},"0a38c559-e9f1-11ef-b4ee-846993801060":{"name":"MooMoo_backLegFK_L","cmpt_tag":"fk_chain_01","guides_data":[{"name":"MooMoo_backLegFK_L_FK001","world_matrix":[0,-0.9942216268928366,0.10734689850462142,0,0,-0.10734689850462154,-0.9942216268928366,0,1,0,0,0,1.7421825143586478,7.641498088222388,-2.786038010191091,1]},{"name":"MooMoo_backLegFK_L_FK002","world_matrix":[0,-0.7616172278702761,-0.6480271585444515,0,0,0.648027158544449,-0.7616172278702732,0,0.9999999999999999,0,0,0,1.7421825143586478,4.678358064134951,-2.466105428946828,1]},{"name":"MooMoo_backLegFK_L_FK003","world_matrix":[0,-0.9669427402883721,0.25499360188760717,0,0,-0.2549936018876104,-0.9669427402883706,0,0.9999999999999976,0,0,0,1.7421825143586431,2.8241002077006465,-4.043813240617465,1]},{"name":"MooMoo_backLegFK_L_FK004","world_matrix":[0,2.7755575615628914e-17,0.9999999999999982,0,1.224646799147348e-16,1,2.55351295663786e-15,0,-1.000000000000001,1.2246467991473594e-16,3.266377185680752e-31,0,1.7351351976394653,0.7174068732982772,-3.4882546754312007,1]}],"settings":{"inputs":[{"name":"componentPosition","index":0,"type":"doubleMatrix"}],"outputs":[{"name":"outputMatrix001","index":0,"type":"doubleMatrix"},{"name":"outputMatrix002","index":1,"type":"doubleMatrix"},{"name":"outputMatrix003","index":2,"type":"doubleMatrix"},{"name":"outputMatrix004","index":3,"type":"doubleMatrix"}],"joints":false,"n_points":4}},"0a38ec47-e9f1-11ef-a747-846993801060":{"name":"MooMoo_backLegBlend_L","cmpt_tag":"components_blend_01","guides_data":{},"settings":{"inputs":[{"name":"cmpt01_wMtx001","index":0,"type":"doubleMatrix"},{"name":"cmpt01_wMtx002","index":1,"type":"doubleMatrix"},{"name":"cmpt01_wMtx003","index":2,"type":"doubleMatrix"},{"name":"cmpt01_wMtx004","index":3,"type":"doubleMatrix"},{"name":"cmpt02_wMtx001","index":4,"type":"doubleMatrix"},{"name":"cmpt02_wMtx002","index":5,"type":"doubleMatrix"},{"name":"cmpt02_wMtx003","index":6,"type":"doubleMatrix"},{"name":"cmpt02_wMtx004","index":7,"type":"doubleMatrix"}],"outputs":[{"name":"outputBlendMatrix001","index":0,"type":"doubleMatrix"},{"name":"outputBlendMatrix002","index":1,"type":"doubleMatrix"},{"name":"outputBlendMatrix003","index":2,"type":"doubleMatrix"},{"name":"outputBlendMatrix004","index":3,"type":"doubleMatrix"}],"joints":true,"blend_attr_name":"FK_IK_blend","n_points":4}},"4abd2f27-e9f1-11ef-a405-846993801060":{"name":"MooMoo_backLegFK_R","cmpt_tag":"fk_chain_01","guides_data":[{"name":"MooMoo_backLegFK_R_FK001","world_matrix":[0,-0.9942216268928366,0.10734689850462142,0,0,-0.10734689850462154,-0.9942216268928366,0,1,0,0,0,-1.742,7.641498088222388,-2.786038010191091,1]},{"name":"MooMoo_backLegFK_R_FK002","world_matrix":[0,-0.7616172278702761,-0.6480271585444515,0,0,0.648027158544449,-0.7616172278702732,0,0.9999999999999999,0,0,0,-1.742,4.678358064134951,-2.466105428946828,1]},{"name":"MooMoo_backLegFK_R_FK003","world_matrix":[0,-0.9669427402883721,0.25499360188760717,0,0,-0.2549936018876104,-0.9669427402883706,0,0.9999999999999976,0,0,0,-1.7419999999999956,2.8241002077006465,-4.043813240617465,1]},{"name":"MooMoo_backLegFK_R_FK004","world_matrix":[0,2.7755575615628914e-17,0.9999999999999982,0,1.224646799147348e-16,1,2.55351295663786e-15,0,-1.000000000000001,1.2246467991473594e-16,3.266377185680752e-31,0,-1.7349999999999997,0.7174068732982772,-3.4882546754312007,1]}],"settings":{"inputs":[{"name":"componentPosition","index":0,"type":"doubleMatrix"}],"outputs":[{"name":"outputMatrix001","index":0,"type":"doubleMatrix"},{"name":"outputMatrix002","index":1,"type":"doubleMatrix"},{"name":"outputMatrix003","index":2,"type":"doubleMatrix"},{"name":"outputMatrix004","index":3,"type":"doubleMatrix"}],"joints":false,"n_points":4}},"4abd2f28-e9f1-11ef-9796-846993801060":{"name":"MooMoo_backLegBlend_R","cmpt_tag":"components_blend_01","guides_data":{},"settings":{"inputs":[{"name":"cmpt01_wMtx001","index":0,"type":"doubleMatrix"},{"name":"cmpt01_wMtx002","index":1,"type":"doubleMatrix"},{"name":"cmpt01_wMtx003","index":2,"type":"doubleMatrix"},{"name":"cmpt01_wMtx004","index":3,"type":"doubleMatrix"},{"name":"cmpt02_wMtx001","index":4,"type":"doubleMatrix"},{"name":"cmpt02_wMtx002","index":5,"type":"doubleMatrix"},{"name":"cmpt02_wMtx003","index":6,"type":"doubleMatrix"},{"name":"cmpt02_wMtx004","index":7,"type":"doubleMatrix"}],"outputs":[{"name":"outputBlendMatrix001","index":0,"type":"doubleMatrix"},{"name":"outputBlendMatrix002","index":1,"type":"doubleMatrix"},{"name":"outputBlendMatrix003","index":2,"type":"doubleMatrix"},{"name":"outputBlendMatrix004","index":3,"type":"doubleMatrix"}],"joints":true,"blend_attr_name":"FK_IK_blend","n_points":4}},"76f55749-e9f1-11ef-8ecb-846993801060":{"name":"MooMoo_frontLegFK_R","cmpt_tag":"fk_chain_01","guides_data":[{"name":"MooMoo_frontLegFK_R_FK001","world_matrix":[-4.4408920985005857e-16,-0.9980228219181082,0.06285258093823913,0,3.8857805861880513e-16,0.06285258093823959,0.9980228219181182,0,1.0000000000000029,-3.885780586188058e-16,-2.220446049250319e-16,0,-1.7419999999999944,3.8871212908623893,3.3561124809726497,1]},{"name":"MooMoo_frontLegFK_R_FK002","world_matrix":[-4.638172052949142e-16,-0.9999445162522272,0.010533964923110234,0,3.6480369243967305e-16,0.010533964923112121,0.9999445162523235,0,0.9999999999999949,-3.885780586188027e-16,-2.2204460492503012e-16,0,-1.7419999999999942,2.146931576676627,3.468104366234216,1]},{"name":"MooMoo_frontLegFK_R_FK003","world_matrix":[3.5989761759227585e-16,3.0964814046186007e-15,0.99999999999992,0,4.67634300278195e-16,1.0000000000001843,-1.942890293094024e-16,0,0.9999999999998997,-3.8857805861876574e-16,-2.22044604925009e-16,0,-1.7419999999999956,0.6830278101194156,3.4835259328082526,1]}],"settings":{"inputs":[{"name":"componentPosition","index":0,"type":"doubleMatrix"}],"outputs":[{"name":"outputMatrix001","index":0,"type":"doubleMatrix"},{"name":"outputMatrix002","index":1,"type":"doubleMatrix"},{"name":"outputMatrix003","index":2,"type":"doubleMatrix"}],"joints":false,"n_points":3}},"76f5574a-e9f1-11ef-bf46-846993801060":{"name":"MooMoo_frontLegBlend_R","cmpt_tag":"components_blend_01","guides_data":{},"settings":{"inputs":[{"name":"cmpt01_wMtx001","index":0,"type":"doubleMatrix"},{"name":"cmpt01_wMtx002","index":1,"type":"doubleMatrix"},{"name":"cmpt01_wMtx003","index":2,"type":"doubleMatrix"},{"name":"cmpt02_wMtx001","index":3,"type":"doubleMatrix"},{"name":"cmpt02_wMtx002","index":4,"type":"doubleMatrix"},{"name":"cmpt02_wMtx003","index":5,"type":"doubleMatrix"}],"outputs":[{"name":"outputBlendMatrix001","index":0,"type":"doubleMatrix"},{"name":"outputBlendMatrix002","index":1,"type":"doubleMatrix"},{"name":"outputBlendMatrix003","index":2,"type":"doubleMatrix"}],"joints":true,"blend_attr_name":"FK_IK_blend","n_points":3}},"a87ce2f7-e9f1-11ef-8dda-846993801060":{"name":"MooMoo_frontLegFK_L","cmpt_tag":"fk_chain_01","guides_data":[{"name":"MooMoo_frontLegFK_L_FK001","world_matrix":[4.4408920985005803e-16,-0.9980228219181069,0.06285258093823899,0,-2.2204460492503116e-16,0.0628525809382396,0.9980228219181165,0,-1,-4.440892098500626e-16,-2.220446049250313e-16,0,1.7419999999999944,3.8871212908623893,3.3561124809726497,1]},{"name":"MooMoo_frontLegFK_L_FK002","world_matrix":[4.551015177494148e-16,-0.9999445162522367,0.010533964923111254,0,-1.9849846705637894e-16,0.010533964923113114,0.9999445162523168,0,-0.9999999999999961,-4.440892098500609e-16,-2.2204460492503045e-16,0,1.7419999999999929,2.1467810420739264,3.4657140591578317,1]},{"name":"MooMoo_frontLegFK_L_FK003","world_matrix":[-1.9369343019306416e-16,2.768618667658984e-15,0.9999999999999464,0,-4.571672429009444e-16,1.0000000000001046,-6.591949208711867e-17,0,-0.9999999999999537,-4.4408920985004206e-16,-2.2204460492502103e-16,0,1.7419999999999947,0.6828772755167152,3.481135625731863,1]}],"settings":{"inputs":[{"name":"componentPosition","index":0,"type":"doubleMatrix"}],"outputs":[{"name":"outputMatrix001","index":0,"type":"doubleMatrix"},{"name":"outputMatrix002","index":1,"type":"doubleMatrix"},{"name":"outputMatrix003","index":2,"type":"doubleMatrix"}],"joints":false,"n_points":3}},"a87ce2f8-e9f1-11ef-9b54-846993801060":{"name":"MooMoo_frontLegBlend_L","cmpt_tag":"components_blend_01","guides_data":{},"settings":{"inputs":[{"name":"cmpt01_wMtx001","index":0,"type":"doubleMatrix"},{"name":"cmpt01_wMtx002","index":1,"type":"doubleMatrix"},{"name":"cmpt01_wMtx003","index":2,"type":"doubleMatrix"},{"name":"cmpt02_wMtx001","index":3,"type":"doubleMatrix"},{"name":"cmpt02_wMtx002","index":4,"type":"doubleMatrix"},{"name":"cmpt02_wMtx003","index":5,"type":"doubleMatrix"}],"outputs":[{"name":"outputBlendMatrix001","index":0,"type":"doubleMatrix"},{"name":"outputBlendMatrix002","index":1,"type":"doubleMatrix"},{"name":"outputBlendMatrix003","index":2,"type":"doubleMatrix"}],"joints":true,"blend_attr_name":"FK_IK_blend","n_points":3}},"857e97db-ee48-11ef-9ad2-c85ea9f620a6":{"name":"MooMoo_nail_M","cmpt_tag":"single_point_01","guides_data":[{"name":"MooMoo_nail_M_point","world_matrix":[0,-0.6672347686941379,-0.7448474766324179,0,0,0.7448474766324179,-0.6672347686941379,0,1,0,0,0,0,8.171,-3.716,1]}],"settings":{"inputs":[{"name":"componentPosition","index":0,"type":"doubleMatrix"}],"outputs":[{"name":"outputWorldMatrix","index":0,"type":"doubleMatrix"}],"joints":true,"create_control":true,"movable_pivot":false}},"67490758-ef91-11ef-a6ff-a86e8487d4d6":{"name":"MooMoo_uddersMaster_M","cmpt_tag":"single_point_01","guides_data":[{"name":"MooMoo_uddersMaster_M_point","world_matrix":[2.220446049250313e-16,-0.9629248935487416,-0.26976962279720224,0,9.436895709313829e-16,-0.2697696227972022,0.9629248935487416,0,-1.0000000000000078,-5.551115123125823e-16,8.88178419700132e-16,0,0,3.4257458448410034,-1.751109778881073,1]}],"settings":{"inputs":[{"name":"componentPosition","index":0,"type":"doubleMatrix"}],"outputs":[{"name":"outputWorldMatrix","index":0,"type":"doubleMatrix"}],"joints":true,"create_control":true,"movable_pivot":false}},"82cbf01d-ef9b-11ef-a87b-a86e8487d4d6":{"name":"MooMoo_teat_LF","cmpt_tag":"fk_chain_01","guides_data":[{"name":"MooMoo_teat_LF_FK001","world_matrix":[0.4197690037236459,-0.8774201228367199,0.23222383933191088,0,0.5436719743560361,0.44794987444154566,0.709761716555361,0,-0.7267838521958694,-0.17168237541750975,0.6650642030348153,0,0.582533620449208,2.5740581099474986,-0.9941630769705826,1]},{"name":"MooMoo_teat_LF_FK002","world_matrix":[0.41976900372364606,-0.8774201228367203,0.232223839331911,0,0.5436719743560362,0.44794987444154577,0.7097617165553611,0,-0.7267838521958693,-0.17168237541750972,0.6650642030348152,0,0.6775583699716827,2.3754330884262864,-0.9415936591004819,1]},{"name":"MooMoo_teat_LF_FK003","world_matrix":[0.4197690037236459,-0.8774201228367199,0.23222383933191088,0,0.5436719743560361,0.4479498744415457,0.709761716555361,0,-0.7267838521958699,-0.17168237541750986,0.6650642030348157,0,0.7806620168024536,2.159921191014449,-0.8845548484599488,1]}],"settings":{"inputs":[{"name":"componentPosition","index":0,"type":"doubleMatrix"}],"outputs":[{"name":"outputMatrix001","index":0,"type":"doubleMatrix"},{"name":"outputMatrix002","index":1,"type":"doubleMatrix"},{"name":"outputMatrix003","index":2,"type":"doubleMatrix"}],"joints":true,"n_points":3}},"10c8cd55-ef9c-11ef-a995-a86e8487d4d6":{"name":"MooMoo_teat_LBa","cmpt_tag":"fk_chain_01","guides_data":[{"name":"MooMoo_teat_LBa_FK001","world_matrix":[0.3292448841383906,-0.8878913183021946,-0.32132042131224875,0,0.5752290109474598,0.45846372083899006,-0.6774382640793739,0,0.7488053092981539,0.038210254619060066,0.6616876795050989,0,0.5504459127821532,2.6806707108833105,-2.371905642714686,1]},{"name":"MooMoo_teat_LBa_FK002","world_matrix":[0.3292448841383924,-0.8878913183021995,-0.3213204213122505,0,0.5752290109474614,0.4584637208389913,-0.6774382640793757,0,0.7488053092981559,0.03821025461906017,0.6616876795051007,0,0.6578885683134839,2.3909246718180306,-2.4767623041403546,1]},{"name":"MooMoo_teat_LBa_FK003","world_matrix":[0.32924488413839165,-0.8878913183021974,-0.3213204213122498,0,0.5752290109474603,0.45846372083899034,-0.6774382640793744,0,0.7488053092981549,0.03821025461906012,0.6616876795050998,0,0.7551991441344943,2.1285023241585916,-2.5717307508112,1]}],"settings":{"inputs":[{"name":"componentPosition","index":0,"type":"doubleMatrix"}],"outputs":[{"name":"outputMatrix001","index":0,"type":"doubleMatrix"},{"name":"outputMatrix002","index":1,"type":"doubleMatrix"},{"name":"outputMatrix003","index":2,"type":"doubleMatrix"}],"joints":true,"n_points":3}},"5d7b15d8-ef9c-11ef-9cfd-a86e8487d4d6":{"name":"MooMoo_teat_RBa","cmpt_tag":"fk_chain_01","guides_data":[{"name":"MooMoo_teat_RBa_FK001","world_matrix":[-0.3292448841383905,-0.8878913183021948,-0.32132042131224886,0,-0.5752290109474598,0.45846372083899,-0.6774382640793738,0,-0.7488053092981538,0.03821025461906002,0.6616876795050989,0,-0.5504459127821532,2.6806707108833105,-2.371905642714686,1]},{"name":"MooMoo_teat_RBa_FK002","world_matrix":[-0.3292448841383904,-0.8878913183021946,-0.3213204213122488,0,-0.5752290109474596,0.4584637208389898,-0.6774382640793735,0,-0.7488053092981537,0.03821025461906001,0.6616876795050988,0,-0.6578885683134708,2.390924671818038,-2.476762304140349,1]},{"name":"MooMoo_teat_RBa_FK003","world_matrix":[-0.3292448841383904,-0.8878913183021946,-0.3213204213122488,0,-0.5752290109474594,0.45846372083898956,-0.6774382640793731,0,-0.7488053092981537,0.03821025461906001,0.6616876795050988,0,-0.7551991441344972,2.1285023241585854,-2.571730750811198,1]}],"settings":{"inputs":[{"name":"componentPosition","index":0,"type":"doubleMatrix"}],"outputs":[{"name":"outputMatrix001","index":0,"type":"doubleMatrix"},{"name":"outputMatrix002","index":1,"type":"doubleMatrix"},{"name":"outputMatrix003","index":2,"type":"doubleMatrix"}],"joints":true,"n_points":3}},"99953ee3-ef9c-11ef-8e83-a86e8487d4d6":{"name":"MooMoo_teat_RF","cmpt_tag":"fk_chain_01","guides_data":[{"name":"MooMoo_teat_RF_FK001","world_matrix":[-0.41976900372364606,-0.8774201228367206,0.23222383933191112,0,-0.5436719743560364,0.4479498744415456,0.709761716555361,0,0.7267838521958697,-0.17168237541750964,0.6650642030348161,0,-0.582533620449208,2.5740581099474986,-0.9941630769705826,1]},{"name":"MooMoo_teat_RF_FK002","world_matrix":[-0.4197690037236465,-0.8774201228367215,0.23222383933191137,0,-0.5436719743560381,0.447949874441547,0.7097617165553632,0,0.7267838521958714,-0.17168237541751002,0.6650642030348175,0,-0.6775583699716837,2.375433088426291,-0.9415936591004833,1]},{"name":"MooMoo_teat_RF_FK003","world_matrix":[-0.419769003723646,-0.8774201228367204,0.2322238393319111,0,-0.5436719743560371,0.4479498744415462,0.709761716555362,0,0.7267838521958702,-0.17168237541750975,0.6650642030348164,0,-0.780662016802452,2.159921191014454,-0.8845548484599473,1]}],"settings":{"inputs":[{"name":"componentPosition","index":0,"type":"doubleMatrix"}],"outputs":[{"name":"outputMatrix001","index":0,"type":"doubleMatrix"},{"name":"outputMatrix002","index":1,"type":"doubleMatrix"},{"name":"outputMatrix003","index":2,"type":"doubleMatrix"}],"joints":true,"n_points":3}},"024189f4-f450-11ef-9a2f-846993801060":{"name":"MooMoo_backFootIK_L","cmpt_tag":"foot_roll_01","guides_data":[{"name":"MooMoo_backFootIK_L_heel","world_matrix":[0,0,1,0,0,1,0,0,-1,0,0,0,1.7351351976394653,0,-3.939042806625366,1]},{"name":"MooMoo_backFootIK_L_tip","world_matrix":[0,0,1,0,0,1,0,0,-1,0,0,0,1.7351351976394653,0,-2.875673770904542,1]},{"name":"MooMoo_backFootIK_L_phalanges","world_matrix":[0,0,1,0,0,1,0,0,-1,0,0,0,1.7351351976394653,0,-3.257224598290553,1]},{"name":"MooMoo_backFootIK_L_ankle","world_matrix":[0,0,1,0,0,1,0,0,-1,0,0,0,1.7351351976394653,0.717406873298275,-3.4882546754311985,1]},{"name":"MooMoo_backFootIK_L_posBank","world_matrix":[0,0,1,0,0,1,0,0,-1,0,0,0,1.2551351976394653,0,-3.4891693212295736,1]},{"name":"MooMoo_backFootIK_L_negBank","world_matrix":[0,0,1,0,0,1,0,0,-1,0,0,0,2.215568483765122,0,-3.4891693212295736,1]}],"settings":{"inputs":[{"name":"componentPosition","index":0,"type":"doubleMatrix"},{"name":"footRoll","index":1,"type":"double"},{"name":"bendStartAngle","index":2,"type":"angle"},{"name":"bank","index":3,"type":"double"},{"name":"heelTwist","index":4,"type":"double"},{"name":"tipTwist","index":5,"type":"double"}],"outputs":[{"name":"ankleOutputMatrix","index":0,"type":"doubleMatrix"},{"name":"phalanxOutputMatrix","index":1,"type":"doubleMatrix"},{"name":"ankleOffsetMatrix","index":2,"type":"doubleMatrix"}],"joints":false,"tweaks":true,"phalanges":false}},"23668a77-f452-11ef-89cb-846993801060":{"name":"MooMoo_backFootIK_R","cmpt_tag":"foot_roll_01","guides_data":[{"name":"MooMoo_backFootIK_R_heel","world_matrix":[0,0,1,0,0,1,0,0,-1,0,0,0,-1.735,0,-3.939042806625366,1]},{"name":"MooMoo_backFootIK_R_tip","world_matrix":[0,0,1,0,0,1,0,0,-1,0,0,0,-1.735,0,-2.875673770904542,1]},{"name":"MooMoo_backFootIK_R_phalanges","world_matrix":[0,0,1,0,0,1,0,0,-1,0,0,0,-1.735,0,-3.257224598290553,1]},{"name":"MooMoo_backFootIK_R_ankle","world_matrix":[0,0,1,0,0,1,0,0,-1,0,0,0,-1.735,0.717406873298275,-3.4882546754311985,1]},{"name":"MooMoo_backFootIK_R_posBank","world_matrix":[0,0,1,0,0,1,0,0,-1,0,0,0,-2.215,0,-3.4891693212295736,1]},{"name":"MooMoo_backFootIK_R_negBank","world_matrix":[0,0,1,0,0,1,0,0,-1,0,0,0,-1.2545667138743435,0,-3.4891693212295736,1]}],"settings":{"inputs":[{"name":"componentPosition","index":0,"type":"doubleMatrix"},{"name":"footRoll","index":1,"type":"double"},{"name":"bendStartAngle","index":2,"type":"angle"},{"name":"bank","index":3,"type":"double"},{"name":"heelTwist","index":4,"type":"double"},{"name":"tipTwist","index":5,"type":"double"}],"outputs":[{"name":"ankleOutputMatrix","index":0,"type":"doubleMatrix"},{"name":"phalanxOutputMatrix","index":1,"type":"doubleMatrix"},{"name":"ankleOffsetMatrix","index":2,"type":"doubleMatrix"}],"joints":false,"tweaks":true,"phalanges":false}},"5cba4627-f485-11ef-8f0b-c85ea9f620a6":{"name":"MooMoo_neck_M","cmpt_tag":"fk_chain_01","guides_data":[{"name":"MooMoo_neck_M_FK001","world_matrix":[0,0.7629279062976034,0.6464835727165418,0,0,0.6464835727165454,-0.7629279062976075,0,-1.0000000000000002,0,0,0,0,6.394334050385613,3.990145589737522,1]},{"name":"MooMoo_neck_M_FK002","world_matrix":[0,0.7629279062976075,0.6464835727165452,0,0,0.6464835727165453,-0.7629279062976073,0,-1.0000000000000002,0,0,0,-1.4472153917953254e-18,7.354401774450703,4.803679879386827,1]}],"settings":{"inputs":[{"name":"componentPosition","index":0,"type":"doubleMatrix"}],"outputs":[{"name":"outputMatrix001","index":0,"type":"doubleMatrix"},{"name":"outputMatrix002","index":1,"type":"doubleMatrix"}],"joints":false,"n_points":2}},"6f95c104-f8e7-11ef-a70b-846993801060":{"name":"MooMoo_frontFootIK_L","cmpt_tag":"foot_roll_01","guides_data":[{"name":"MooMoo_frontFootIK_L_heel","world_matrix":[0,0,1,0,0,1,0,0,-1,0,0,0,1.7351351976394653,0,3.0468777662374515,1]},{"name":"MooMoo_frontFootIK_L_tip","world_matrix":[0,0,1,0,0,1,0,0,-1,0,0,0,1.7351351976394653,0,4.110246801958276,1]},{"name":"MooMoo_frontFootIK_L_phalanges","world_matrix":[0,0,1,0,0,1,0,0,-1,0,0,0,1.7351351976394653,0,3.7286959745722648,1]},{"name":"MooMoo_frontFootIK_L_ankle","world_matrix":[0,0,1,0,0,1,0,0,-1,0,0,0,1.7351351976394653,0.6821641458584775,3.490490531895374,1]},{"name":"MooMoo_frontFootIK_L_posBank","world_matrix":[0,0,1,0,0,1,0,0,-1,0,0,0,1.2551351976394653,0,3.496751251633244,1]},{"name":"MooMoo_frontFootIK_L_negBank","world_matrix":[0,0,1,0,0,1,0,0,-1,0,0,0,2.215568483765122,0,3.496751251633244,1]}],"settings":{"inputs":[{"name":"componentPosition","index":0,"type":"doubleMatrix"},{"name":"footRoll","index":1,"type":"double"},{"name":"bendStartAngle","index":2,"type":"angle"},{"name":"bank","index":3,"type":"double"},{"name":"heelTwist","index":4,"type":"double"},{"name":"tipTwist","index":5,"type":"double"}],"outputs":[{"name":"ankleOutputMatrix","index":0,"type":"doubleMatrix"},{"name":"phalanxOutputMatrix","index":1,"type":"doubleMatrix"},{"name":"ankleOffsetMatrix","index":2,"type":"doubleMatrix"}],"joints":false,"tweaks":true,"phalanges":false}},"e9344d6e-f8e7-11ef-bcca-846993801060":{"name":"MooMoo_frontFootIK_R","cmpt_tag":"foot_roll_01","guides_data":[{"name":"MooMoo_frontFootIK_R_heel","world_matrix":[0,0,1,0,0,1,0,0,-1,0,0,0,-1.7351351976394653,0,3.0468777662374515,1]},{"name":"MooMoo_frontFootIK_R_tip","world_matrix":[0,0,1,0,0,1,0,0,-1,0,0,0,-1.7351351976394653,0,4.110246801958276,1]},{"name":"MooMoo_frontFootIK_R_phalanges","world_matrix":[0,0,1,0,0,1,0,0,-1,0,0,0,-1.7351351976394653,0,3.7286959745722648,1]},{"name":"MooMoo_frontFootIK_R_ankle","world_matrix":[0,0,1,0,0,1,0,0,-1,0,0,0,-1.7351351976394653,0.6821641458584775,3.490490531895374,1]},{"name":"MooMoo_frontFootIK_R_posBank","world_matrix":[0,0,1,0,0,1,0,0,-1,0,0,0,-2.2151351976394653,0,3.496751251633244,1]},{"name":"MooMoo_frontFootIK_R_negBank","world_matrix":[0,0,1,0,0,1,0,0,-1,0,0,0,-1.2547019115138087,0,3.496751251633244,1]}],"settings":{"inputs":[{"name":"componentPosition","index":0,"type":"doubleMatrix"},{"name":"footRoll","index":1,"type":"double"},{"name":"bendStartAngle","index":2,"type":"angle"},{"name":"bank","index":3,"type":"double"},{"name":"heelTwist","index":4,"type":"double"},{"name":"tipTwist","index":5,"type":"double"}],"outputs":[{"name":"ankleOutputMatrix","index":0,"type":"doubleMatrix"},{"name":"phalanxOutputMatrix","index":1,"type":"doubleMatrix"},{"name":"ankleOffsetMatrix","index":2,"type":"doubleMatrix"}],"joints":false,"tweaks":true,"phalanges":false}},"6b2e34da-fdb2-11ef-8eab-846993801060":{"name":"MooMoo_frontLegIK_L","cmpt_tag":"two_bone_ik_01","guides_data":[{"name":"MooMoo_frontLegIK_L_start","world_matrix":[3.3306690738754395e-16,-0.9980228219181083,0.06285258093823892,0,-4.996003610813211e-16,0.06285258093823949,0.9980228219181184,0,-1.0000000000000027,-4.996003610813217e-16,-6.661338147750955e-16,0,1.7419999999999944,3.8871212908623893,3.3561124809726497,1]},{"name":"MooMoo_frontLegIK_L_mid","world_matrix":[3.5875751340307154e-16,-0.9999445162522469,0.010533964923111379,0,-4.814843010588647e-16,0.01053396492311303,0.9999445162523086,0,-0.9999999999999982,-4.996003610813195e-16,-6.661338147750925e-16,0,1.741999999999995,2.146781042073921,3.4657140591578304,1]},{"name":"MooMoo_frontLegIK_L_end","world_matrix":[-4.776784474432483e-16,4.352421201225809e-15,0.999999999999962,0,-3.638095469301119e-16,1.000000000000043,-2.0521778720805628e-15,0,-0.9999999999999973,-4.996003610813191e-16,-6.66133814775092e-16,0,1.7419999999999956,0.6828772755167127,3.481135625731864,1]}],"settings":{"inputs":[{"name":"componentPosition","index":0,"type":"doubleMatrix"},{"name":"start_wMtx","index":1,"type":"doubleMatrix"},{"name":"endPos_offsetMtx","index":2,"type":"doubleMatrix"}],"outputs":[{"name":"startOutputMatrix","index":0,"type":"doubleMatrix"},{"name":"midOutputMatrix","index":1,"type":"doubleMatrix"},{"name":"endOutputMatrix","index":2,"type":"doubleMatrix"}],"joints":false,"root_control":true,"neutralise_end_rotation":true,"pole_vector_distance":5,"min_length_percentage":0.1,"pop_removal_percentage":0.000001}},"fcd39e15-fdb2-11ef-bdd3-846993801060":{"name":"MooMoo_frontLegIK_R","cmpt_tag":"two_bone_ik_01","guides_data":[{"name":"MooMoo_frontLegIK_R_start","world_matrix":[-4.440892098500585e-16,-0.9980228219181081,0.062852580938239,0,2.775557561562894e-16,0.06285258093823959,0.9980228219181182,0,1,-4.996003610813204e-16,-2.220446049250313e-16,0,-1.7419999999999944,3.8871212908623893,3.3561124809726497,1]},{"name":"MooMoo_frontLegIK_R_mid","world_matrix":[-4.580067469312486e-16,-0.9999445162522353,0.010533964923111212,0,2.5395036992929617e-16,0.010570704144970251,0.9999441292211654,0,0.9999999999999961,-4.996003610813185e-16,-2.2204460492503045e-16,0,-1.741999999999995,2.1467810420739273,3.46571405915783,1]},{"name":"MooMoo_frontLegIK_R_end","world_matrix":[2.491116528042914e-16,0.000036737183429868744,0.9999996129902696,0,4.60647140476403e-16,0.9999999986549231,-0.000036616298939229006,0,1.0000003870097747,-4.996005544315436e-16,-2.2204469085846383e-16,0,-1.7419999999999958,0.682877275516715,3.4811356257318637,1]}],"settings":{"inputs":[{"name":"componentPosition","index":0,"type":"doubleMatrix"},{"name":"start_wMtx","index":1,"type":"doubleMatrix"},{"name":"endPos_offsetMtx","index":2,"type":"doubleMatrix"}],"outputs":[{"name":"startOutputMatrix","index":0,"type":"doubleMatrix"},{"name":"midOutputMatrix","index":1,"type":"doubleMatrix"},{"name":"endOutputMatrix","index":2,"type":"doubleMatrix"}],"joints":false,"root_control":true,"neutralise_end_rotation":true,"pole_vector_distance":5,"min_length_percentage":0.1,"pop_removal_percentage":0.000001}},"3e5a0124-fdcb-11ef-bd04-846993801060":{"name":"MooMoo_shoulder_L","cmpt_tag":"single_point_01","guides_data":[{"name":"MooMoo_shoulder_L_point","world_matrix":[4.4408920985005793e-16,-0.9980228219181065,0.06285258093823885,0,-5.55111512312578e-16,0.06285258093823962,0.9980228219181166,0,-0.9999999999999991,-3.3306690738754667e-16,-4.440892098500623e-16,0,1.741999999999994,5.843934790421802,3.23287804568617,1]}],"settings":{"inputs":[{"name":"componentPosition","index":0,"type":"doubleMatrix"}],"outputs":[{"name":"outputWorldMatrix","index":0,"type":"doubleMatrix"}],"joints":false,"create_control":true,"movable_pivot":true}},"769ec963-fdcb-11ef-a90b-846993801060":{"name":"MooMoo_shoulder_R","cmpt_tag":"single_point_01","guides_data":[{"name":"MooMoo_shoulder_R_point","world_matrix":[-4.440892098500583e-16,-0.9980228219181074,0.06285258093823903,0,7.771561172376094e-16,0.06285258093823963,0.998022821918117,0,1.000000000000001,-5.551115123125789e-16,-7.771561172376105e-16,0,-1.741999999999994,5.843934790421802,3.23287804568617,1]}],"settings":{"inputs":[{"name":"componentPosition","index":0,"type":"doubleMatrix"}],"outputs":[{"name":"outputWorldMatrix","index":0,"type":"doubleMatrix"}],"joints":false,"create_control":true,"movable_pivot":true}},"bea48865-fdce-11ef-86e2-846993801060":{"name":"MooMoo_scapula_L","cmpt_tag":"single_point_01","guides_data":[{"name":"MooMoo_scapula_L_point","world_matrix":[0,0.9799634345975166,-0.1991774757642579,0,0,0.19917747576425987,0.979963434597526,0,1.0000000000000007,0,0,0,1.7419999999999933,7.193205704191582,3.1478945449606925,1]}],"settings":{"inputs":[{"name":"componentPosition","index":0,"type":"doubleMatrix"}],"outputs":[{"name":"outputWorldMatrix","index":0,"type":"doubleMatrix"}],"joints":true,"create_control":true,"movable_pivot":false}},"04fd2ae1-fdcf-11ef-9b3e-846993801060":{"name":"MooMoo_scapula_R","cmpt_tag":"single_point_01","guides_data":[{"name":"MooMoo_scapula_R_point","world_matrix":[-4.440892098500585e-16,0.979963434597516,-0.19917747576425798,0,2.775557561562894e-16,0.1991774757642601,0.9799634345975259,0,-0.9999999999999997,-2.775557561562891e-16,4.440892098500625e-16,0,-1.7419999999999933,7.193205704191582,3.1478945449606925,1]}],"settings":{"inputs":[{"name":"componentPosition","index":0,"type":"doubleMatrix"}],"outputs":[{"name":"outputWorldMatrix","index":0,"type":"doubleMatrix"}],"joints":true,"create_control":true,"movable_pivot":false}},"dd134361-ff35-11ef-a300-846993801060":{"name":"MooMoo_frontLeg_topTwist_L","cmpt_tag":"twist_joints