{"fcab3ac6-fb61-11ef-a39b-846993801060":{"name":"Platform_master_M","cmpt_tag":"global_01","guides_data":[{"name":"Platform_master_M_root","world_matrix":[1.0,0.0,0.0,0.0,0.0,1.0,0.0,0.0,0.0,0.0,1.0,0.0,0.0,0.0,0.0,1.0]}],"settings":{"inputs":[{"name":"componentPosition","index":0,"type":"doubleMatrix"}],"outputs":[{"name":"globalOutput","index":0,"type":"doubleMatrix"}],"n_offsets":1}},"1dd9d883-fb62-11ef-842c-846993801060":{"name":"Platform_controlPanel_M","cmpt_tag":"single_point_01","guides_data":[{"name":"Platform_controlPanel_M_point","world_matrix":[-4.44089209850063e-16,0.7746898161442738,0.6323414336909716,0.0,1.1102230246251568e-16,0.632341433690971,-0.7746898161442731,0.0,-1.000000000000001,-1.1102230246251578e-16,-4.44089209850063e-16,0.0,-1.7239828672238407e-16,5.877387520287401,-16.899830772463087,1.0]}],"settings":{"inputs":[{"name":"componentPosition","index":0,"type":"doubleMatrix"}],"outputs":[{"name":"outputWorldMatrix","index":0,"type":"doubleMatrix"}],"joints":true,"create_control":true,"movable_pivot":false}},"707535c3-fb62-11ef-a46b-846993801060":{"name":"Platform_key001_L","cmpt_tag":"single_point_01","guides_data":[{"name":"Platform_key001_L_point","world_matrix":[-4.44089209850063e-16,0.7746898161442738,0.6323414336909716,0.0,1.1102230246251568e-16,0.632341433690971,-0.7746898161442731,0.0,-1.000000000000001,-1.1102230246251578e-16,-4.44089209850063e-16,0.0,-2.916507244110108,6.574096532183784,-16.87725010500389,1.0]}],"settings":{"inputs":[{"name":"componentPosition","index":0,"type":"doubleMatrix"}],"outputs":[{"name":"outputWorldMatrix","index":0,"type":"doubleMatrix"}],"joints":true,"create_control":true,"movable_pivot":false}},"7d950785-fb62-11ef-b861-846993801060":{"name":"Platform_key002_L","cmpt_tag":"single_point_01","guides_data":[{"name":"Platform_key002_L_point","world_matrix":[-4.44089209850063e-16,0.7746898161442738,0.6323414336909716,0.0,1.1102230246251568e-16,0.632341433690971,-0.7746898161442731,0.0,-1.000000000000001,-1.1102230246251578e-16,-4.44089209850063e-16,0.0,-2.0682127475738525,6.574096532183784,-16.87725010500389,1.0]}],"settings":{"inputs":[{"name":"componentPosition","index":0,"type":"doubleMatrix"}],"outputs":[{"name":"outputWorldMatrix","index":0,"type":"doubleMatrix"}],"joints":true,"create_control":true,"movable_pivot":false}},"80dbb8a5-fb62-11ef-baf0-846993801060":{"name":"Platform_key003_L","cmpt_tag":"single_point_01","guides_data":[{"name":"Platform_key003_L_point","world_matrix":[-4.44089209850063e-16,0.7746898161442738,0.6323414336909716,0.0,1.1102230246251568e-16,0.632341433690971,-0.7746898161442731,0.0,-1.000000000000001,-1.1102230246251578e-16,-4.44089209850063e-16,0.0,-1.2291569709777832,6.574096532183784,-16.87725010500389,1.0]}],"settings":{"inputs":[{"name":"componentPosition","index":0,"type":"doubleMatrix"}],"outputs":[{"name":"outputWorldMatrix","index":0,"type":"doubleMatrix"}],"joints":true,"create_control":true,"movable_pivot":false}},"844bb836-fb62-11ef-94fe-846993801060":{"name":"Platform_key004_L","cmpt_tag":"single_point_01","guides_data":[{"name":"Platform_key004_L_point","world_matrix":[-4.44089209850063e-16,0.7746898161442738,0.6323414336909716,0.0,1.1102230246251568e-16,0.632341433690971,-0.7746898161442731,0.0,-1.000000000000001,-1.1102230246251578e-16,-4.44089209850063e-16,0.0,-2.916507244110108,6.078810666889103,-16.270468870245345,1.0]}],"settings":{"inputs":[{"name":"componentPosition","index":0,"type":"doubleMatrix"}],"outputs":[{"name":"outputWorldMatrix","index":0,"type":"doubleMatrix"}],"joints":true,"create_control":true,"movable_pivot":false}},"8722e472-fb62-11ef-8f3a-846993801060":{"name":"Platform_key005_L","cmpt_tag":"single_point_01","guides_data":[{"name":"Platform_key005_L_point","world_matrix":[-4.44089209850063e-16,0.7746898161442738,0.6323414336909716,0.0,1.1102230246251568e-16,0.632341433690971,-0.7746898161442731,0.0,-1.000000000000001,-1.1102230246251578e-16,-4.44089209850063e-16,0.0,-2.0682132244110107,6.078810666889103,-16.270468870245345,1.0]}],"settings":{"inputs":[{"name":"componentPosition","index":0,"type":"doubleMatrix"}],"outputs":[{"name":"outputWorldMatrix","index":0,"type":"doubleMatrix"}],"joints":true,"create_control":true,"movable_pivot":false}},"8a3bed70-fb62-11ef-a00b-846993801060":{"name":"Platform_key006_L","cmpt_tag":"single_point_01","guides_data":[{"name":"Platform_key006_L_point","world_matrix":[-4.44089209850063e-16,0.7746898161442738,0.6323414336909716,0.0,1.1102230246251568e-16,0.632341433690971,-0.7746898161442731,0.0,-1.000000000000001,-1.1102230246251578e-16,-4.44089209850063e-16,0.0,-1.2291569709777832,6.078810666889103,-16.270468870245345,1.0]}],"settings":{"inputs":[{"name":"componentPosition","index":0,"type":"doubleMatrix"}],"outputs":[{"name":"outputWorldMatrix","index":0,"type":"doubleMatrix"}],"joints":true,"create_control":true,"movable_pivot":false}},"8ef5b01f-fb62-11ef-8c38-846993801060":{"name":"Platform_key007_L","cmpt_tag":"single_point_01","guides_data":[{"name":"Platform_key007_L_point","world_matrix":[-4.44089209850063e-16,0.7746898161442738,0.6323414336909716,0.0,1.1102230246251568e-16,0.632341433690971,-0.7746898161442731,0.0,-1.000000000000001,-1.1102230246251578e-16,-4.44089209850063e-16,0.0,-2.916507244110108,5.5796492369065795,-15.658939630160068,1.0]}],"settings":{"inputs":[{"name":"componentPosition","index":0,"type":"doubleMatrix"}],"outputs":[{"name":"outputWorldMatrix","index":0,"type":"doubleMatrix"}],"joints":true,"create_control":true,"movable_pivot":false}},"9401cb29-fb62-11ef-8d61-846993801060":{"name":"Platform_key008_L","cmpt_tag":"single_point_01","guides_data":[{"name":"Platform_key008_L_point","world_matrix":[-4.44089209850063e-16,0.7746898161442738,0.6323414336909716,0.0,1.1102230246251568e-16,0.632341433690971,-0.7746898161442731,0.0,-1.000000000000001,-1.1102230246251578e-16,-4.44089209850063e-16,0.0,-2.0682132244110107,5.5796492369065795,-15.658939630160068,1.0]}],"settings":{"inputs":[{"name":"componentPosition","index":0,"type":"doubleMatrix"}],"outputs":[{"name":"outputWorldMatrix","index":0,"type":"doubleMatrix"}],"joints":true,"create_control":true,"movable_pivot":false}},"9784f174-fb62-11ef-932f-846993801060":{"name":"Platform_key009_L","cmpt_tag":"single_point_01","guides_data":[{"name":"Platform_key009_L_point","world_matrix":[-4.44089209850063e-16,0.7746898161442738,0.6323414336909716,0.0,1.1102230246251568e-16,0.632341433690971,-0.7746898161442731,0.0,-1.000000000000001,-1.1102230246251578e-16,-4.44089209850063e-16,0.0,-1.2291568517684939,5.5796492369065795,-15.658939630160068,1.0]}],"settings":{"inputs":[{"name":"componentPosition","index":0,"type":"doubleMatrix"}],"outputs":[{"name":"outputWorldMatrix","index":0,"type":"doubleMatrix"}],"joints":true,"create_control":true,"movable_pivot":false}},"9d46e269-fb62-11ef-96cf-846993801060":{"name":"Platform_key001_R","cmpt_tag":"single_point_01","guides_data":[{"name":"Platform_key001_R_point","world_matrix":[-4.44089209850063e-16,0.7746898161442738,0.6323414336909716,0.0,1.1102230246251568e-16,0.632341433690971,-0.7746898161442731,0.0,-1.000000000000001,-1.1102230246251578e-16,-4.44089209850063e-16,0.0,1.2257392406463627,6.574096532183785,-16.877250105003885,1.0]}],"settings":{"inputs":[{"name":"componentPosition","index":0,"type":"doubleMatrix"}],"outputs":[{"name":"outputWorldMatrix","index":0,"type":"doubleMatrix"}],"joints":true,"create_control":true,"movable_pivot":false}},"9fec54d5-fb62-11ef-beec-846993801060":{"name":"Platform_key002_R","cmpt_tag":"single_point_01","guides_data":[{"name":"Platform_key002_R_point","world_matrix":[-4.44089209850063e-16,0.7746898161442738,0.6323414336909716,0.0,1.1102230246251568e-16,0.632341433690971,-0.7746898161442731,0.0,-1.000000000000001,-1.1102230246251578e-16,-4.44089209850063e-16,0.0,2.0740337371826176,6.574096532183785,-16.877250105003885,1.0]}],"settings":{"inputs":[{"name":"componentPosition","index":0,"type":"doubleMatrix"}],"outputs":[{"name":"outputWorldMatrix","index":0,"type":"doubleMatrix"}],"joints":true,"create_control":true,"movable_pivot":false}},"a2652192-fb62-11ef-928e-846993801060":{"name":"Platform_key003_R","cmpt_tag":"single_point_01","guides_data":[{"name":"Platform_key003_R_point","world_matrix":[-4.44089209850063e-16,0.7746898161442738,0.6323414336909716,0.0,1.1102230246251568e-16,0.632341433690971,-0.7746898161442731,0.0,-1.000000000000001,-1.1102230246251578e-16,-4.44089209850063e-16,0.0,2.9130895137786865,6.574096532183785,-16.877250105003885,1.0]}],"settings":{"inputs":[{"name":"componentPosition","index":0,"type":"doubleMatrix"}],"outputs":[{"name":"outputWorldMatrix","index":0,"type":"doubleMatrix"}],"joints":true,"create_control":true,"movable_pivot":false}},"a5dd6a11-fb62-11ef-911f-846993801060":{"name":"Platform_key004_R","cmpt_tag":"single_point_01","guides_data":[{"name":"Platform_key004_R_point","world_matrix":[-4.44089209850063e-16,0.7746898161442738,0.6323414336909716,0.0,1.1102230246251568e-16,0.632341433690971,-0.7746898161442731,0.0,-1.000000000000001,-1.1102230246251578e-16,-4.44089209850063e-16,0.0,1.2257392406463627,6.078810666889104,-16.27046887024534,1.0]}],"settings":{"inputs":[{"name":"componentPosition","index":0,"type":"doubleMatrix"}],"outputs":[{"name":"outputWorldMatrix","index":0,"type":"doubleMatrix"}],"joints":true,"create_control":true,"movable_pivot":false}},"a8c2cdbb-fb62-11ef-8916-846993801060":{"name":"Platform_key005_R","cmpt_tag":"single_point_01","guides_data":[{"name":"Platform_key005_R_point","world_matrix":[-4.44089209850063e-16,0.7746898161442738,0.6323414336909716,0.0,1.1102230246251568e-16,0.632341433690971,-0.7746898161442731,0.0,-1.000000000000001,-1.1102230246251578e-16,-4.44089209850063e-16,0.0,2.0740332603454594,6.078810666889104,-16.27046887024534,1.0]}],"settings":{"inputs":[{"name":"componentPosition","index":0,"type":"doubleMatrix"}],"outputs":[{"name":"outputWorldMatrix","index":0,"type":"doubleMatrix"}],"joints":true,"create_control":true,"movable_pivot":false}},"ab6c2e03-fb62-11ef-a12d-846993801060":{"name":"Platform_key006_R","cmpt_tag":"single_point_01","guides_data":[{"name":"Platform_key006_R_point","world_matrix":[-4.44089209850063e-16,0.7746898161442738,0.6323414336909716,0.0,1.1102230246251568e-16,0.632341433690971,-0.7746898161442731,0.0,-1.000000000000001,-1.1102230246251578e-16,-4.44089209850063e-16,0.0,2.9130895137786865,6.078810666889104,-16.27046887024534,1.0]}],"settings":{"inputs":[{"name":"componentPosition","index":0,"type":"doubleMatrix"}],"outputs":[{"name":"outputWorldMatrix","index":0,"type":"doubleMatrix"}],"joints":true,"create_control":true,"movable_pivot":false}},"ae183a29-fb62-11ef-bf8a-846993801060":{"name":"Platform_key007_R","cmpt_tag":"single_point_01","guides_data":[{"name":"Platform_key007_R_point","world_matrix":[-4.44089209850063e-16,0.7746898161442738,0.6323414336909716,0.0,1.1102230246251568e-16,0.632341433690971,-0.7746898161442731,0.0,-1.000000000000001,-1.1102230246251578e-16,-4.44089209850063e-16,0.0,1.2257392406463627,5.57964923690658,-15.658939630160067,1.0]}],"settings":{"inputs":[{"name":"componentPosition","index":0,"type":"doubleMatrix"}],"outputs":[{"name":"outputWorldMatrix","index":0,"type":"doubleMatrix"}],"joints":true,"create_control":true,"movable_pivot":false}},"b0e64bde-fb62-11ef-9182-846993801060":{"name":"Platform_key008_R","cmpt_tag":"single_point_01","guides_data":[{"name":"Platform_key008_R_point","world_matrix":[-4.44089209850063e-16,0.7746898161442738,0.6323414336909716,0.0,1.1102230246251568e-16,0.632341433690971,-0.7746898161442731,0.0,-1.000000000000001,-1.1102230246251578e-16,-4.44089209850063e-16,0.0,2.0740332603454594,5.57964923690658,-15.658939630160067,1.0]}],"settings":{"inputs":[{"name":"componentPosition","index":0,"type":"doubleMatrix"}],"outputs":[{"name":"outputWorldMatrix","index":0,"type":"doubleMatrix"}],"joints":true,"create_control":true,"movable_pivot":false}},"b49e6962-fb62-11ef-b894-846993801060":{"name":"Platform_key009_R","cmpt_tag":"single_point_01","guides_data":[{"name":"Platform_key009_R_point","world_matrix":[-4.44089209850063e-16,0.7746898161442738,0.6323414336909716,0.0,1.1102230246251568e-16,0.632341433690971,-0.7746898161442731,0.0,-1.000000000000001,-1.1102230246251578e-16,-4.44089209850063e-16,0.0,2.9130895137786865,5.579649236906581,-15.658939630160067,1.0]}],"settings":{"inputs":[{"name":"componentPosition","index":0,"type":"doubleMatrix"}],"outputs":[{"name":"outputWorldMatrix","index":0,"type":"doubleMatrix"}],"joints":true,"create_control":true,"movable_pivot":false}},"bcc5d6f4-fb62-11ef-8e29-846993801060":{"name":"Platform_keyLock_M","cmpt_tag":"single_point_01","guides_data":[{"name":"Platform_keyLock_M_point","world_matrix":[-4.44089209850063e-16,0.7746898161442738,0.6323414336909716,0.0,1.1102230246251568e-16,0.632341433690971,-0.7746898161442731,0.0,-1.000000000000001,-1.1102230246251578e-16,-4.44089209850063e-16,0.0,-7.565632902376624e-16,6.7454084595373045,-16.191307704571297,1.0]}],"settings":{"inputs":[{"name":"componentPosition","index":0,"type":"doubleMatrix"}],"outputs":[{"name":"outputWorldMatrix","index":0,"type":"doubleMatrix"}],"joints":true,"create_control":true,"movable_pivot":false}},"6aa7d388-fb65-11ef-82c4-846993801060":{"name":"Platform_body_M","cmpt_tag":"single_point_01","guides_data":[{"name":"Platform_body_M_point","world_matrix":[1.0,0.0,0.0,0.0,0.0,1.0,0.0,0.0,0.0,0.0,1.0,0.0,0.0,0.0,0.0,1.0]}],"settings":{"inputs":[{"name":"componentPosition","index":0,"type":"doubleMatrix"}],"outputs":[{"name":"outputWorldMatrix","index":0,"type":"doubleMatrix"}],"joints":true,"create_control":false,"movable_pivot":false}},"f2d0f2a2-0ecf-11f0-ad55-a86e8487d4d6":{"name":"Platform_trapDoor","cmpt_tag":"single_point_01","guides_data":[{"name":"Platform_trapDoor_point","world_matrix":[1.0,0.0,0.0,0.0,0.0,1.0,0.0,0.0,0.0,0.0,1.0,0.0,7.24540901184082,-0.2571062127048397,5.93991231918335,1.0]}],"settings":{"inputs":[{"name":"componentPosition","index":0,"type":"doubleMatrix"}],"outputs":[{"name":"outputWorldMatrix","index":0,"type":"doubleMatrix"}],"joints":true,"create_control":true,"movable_pivot":false}}}