{"c38cb2da-25c6-11f0-a468-a86e8487d4d6":{"name":"master_M","cmpt_tag":"global_01","guides_data":[{"name":"master_M_root","world_matrix":[1.0,0.0,0.0,0.0,0.0,1.0,0.0,0.0,0.0,0.0,1.0,0.0,0.0,0.0,0.0,1.0]}],"settings":{"inputs":[{"name":"componentPosition","index":0,"type":"doubleMatrix"}],"outputs":[{"name":"globalOutput","index":0,"type":"doubleMatrix"}],"n_offsets":1}},"8984219f-25c6-11f0-9e46-a86e8487d4d6":{"name":"body_M","cmpt_tag":"single_point_01","guides_data":[{"name":"body_M_point","world_matrix":[1.0,0.0,0.0,0.0,0.0,1.0,0.0,0.0,0.0,0.0,1.0,0.0,0.0,12.24113101367778,0.0,1.0]}],"settings":{"inputs":[{"name":"componentPosition","index":0,"type":"doubleMatrix"}],"outputs":[{"name":"outputWorldMatrix","index":0,"type":"doubleMatrix"}],"joints":true,"create_control":true,"movable_pivot":false}},"9c238e3e-25c6-11f0-b660-a86e8487d4d6":{"name":"armFK_L","cmpt_tag":"fk_chain_01","guides_data":[{"name":"armFK_L_FK001","world_matrix":[0.6169946704735466,-0.7869673288054846,0.0,0.0,0.0,0.0,-1.000000000000002,0.0,0.7869673288054845,0.6169946704735466,0.0,0.0,11.932039260864258,20.896625518798828,-5.2988898872571334e-15,1.0]},{"name":"armFK_L_FK002","world_matrix":[0.6169937307371625,-0.786966130186003,0.0017453283658983123,0.0,0.001076858299985558,-0.0013735164019994302,-0.9999984769132874,0.0,0.7869673288054843,0.6169946704735465,0.0,0.0,17.999621357751735,13.157516732930874,-9.397505311254039e-15,1.0]},{"name":"armFK_L_FK003","world_matrix":[0.6169937307371627,-0.7869661301860034,0.0017453283658983132,0.0,0.0010768582999855594,-0.0013735164019994318,-0.9999984769132885,0.0,0.786967328805484,0.6169946704735463,0.0,0.0,21.9892510800337,8.068804632618193,0.011285712604253598,1.0]}],"settings":{"inputs":[{"name":"componentPosition","index":0,"type":"doubleMatrix"}],"outputs":[{"name":"outputMatrix001","index":0,"type":"doubleMatrix"},{"name":"outputMatrix002","index":1,"type":"doubleMatrix"},{"name":"outputMatrix003","index":2,"type":"doubleMatrix"}],"joints":false,"n_points":3}},"f96a36d2-25c6-11f0-ba7b-a86e8487d4d6":{"name":"armFK_R","cmpt_tag":"fk_chain_01","guides_data":[{"name":"armFK_R_FK001","world_matrix":[-0.6354985692197433,-0.7721020454056962,0.0,0.0,0.7721020454056962,-0.6354985692197433,0.0,0.0,0.0,0.0,1.0,0.0,-13.675952911376955,20.583433151245117,-5.329070518200751e-15,1.0]},{"name":"armFK_R_FK002","world_matrix":[-0.6368451729015312,-0.7709917157479825,0.0,0.0,0.7709917157479825,-0.6368451729015312,0.0,0.0,0.0,0.0,1.0,0.0,-20.35054575947276,12.474104444821167,-7.655382860227805e-14,1.0]},{"name":"armFK_R_FK003","world_matrix":[-0.6368451729015319,-0.7709917157479834,0.0,0.0,0.7709917157479834,-0.6368451729015319,0.0,0.0,0.0,0.0,1.0,0.0,-23.870513329380266,8.212682749912812,-1.140416815542531e-13,1.0]}],"settings":{"inputs":[{"name":"componentPosition","index":0,"type":"doubleMatrix"}],"outputs":[{"name":"outputMatrix001","index":0,"type":"doubleMatrix"},{"name":"outputMatrix002","index":1,"type":"doubleMatrix"},{"name":"outputMatrix003","index":2,"type":"doubleMatrix"}],"joints":false,"n_points":3}},"7775cd81-25c7-11f0-ae0a-a86e8487d4d6":{"name":"head_M","cmpt_tag":"ik_joint_01","guides_data":[{"name":"head_M_IKjointRoot","world_matrix":[0.0,0.22686609991316806,0.9739259585359601,0.0,0.0,0.97392595853596,-0.22686609991316806,0.0,-1.0,0.0,0.0,0.0,0.0,24.631881713867188,0.0,1.0]},{"name":"head_M_IKjointTip","world_matrix":[0.0,0.22686609991316806,0.9739259585359601,0.0,0.0,0.97392595853596,-0.22686609991316806,0.0,-1.0,0.0,0.0,0.0,0.0,26.44621978122003,7.788871682597004,1.0]}],"settings":{"inputs":[{"name":"componentPosition","index":0,"type":"doubleMatrix"},{"name":"start_wMtx","index":1,"type":"doubleMatrix"}],"outputs":[{"name":"rootOutputMatrix","index":0,"type":"doubleMatrix"},{"name":"endOutputMatrix","index":1,"type":"doubleMatrix"}],"joints":true,"root_control":false,"stretch":false}},"b4dcb6c6-25c7-11f0-a1b5-a86e8487d4d6":{"name":"gaugeIndicator","cmpt_tag":"single_point_01","guides_data":[{"name":"gaugeIndicator_point","world_matrix":[0.7079776119683183,0.2856277787584236,0.6458981908576353,0.0,0.23263423596022334,0.769205850490499,-0.5951501254560828,0.0,-0.6668200755907401,0.5716109967212991,0.47813372106184127,0.0,9.009156144049618,12.900099031253612,7.593739216450656,1.0]}],"settings":{"inputs":[{"name":"componentPosition","index":0,"type":"doubleMatrix"}],"outputs":[{"name":"outputWorldMatrix","index":0,"type":"doubleMatrix"}],"joints":true,"create_control":true,"movable_pivot":false}},"56cb691f-25d3-11f0-9808-a86e8487d4d6":{"name":"armIK_L","cmpt_tag":"two_bone_ik_01","guides_data":[{"name":"armIK_L_start","world_matrix":[0.6169946704735466,-0.7869673288054846,0.0,0.0,0.0,0.0,-1.000000000000002,0.0,0.7869673288054845,0.6169946704735466,0.0,0.0,11.932039260864258,20.896625518798828,-5.2988898872571334e-15,1.0]},{"name":"armIK_L_mid","world_matrix":[0.6169937307371625,-0.786966130186003,0.0017453283658983123,0.0,0.001076858299985558,-0.0013735164019994302,-0.9999984769132874,0.0,0.7869673288054843,0.6169946704735464,0.0,0.0,17.999621357751746,13.157516732930873,-5.2988898872571334e-15,1.0]},{"name":"armIK_L_end","world_matrix":[0.6169937307371632,-0.786966130186004,0.0017453283658983147,0.0,0.0010768582999855594,-0.0013735164019994318,-0.9999984769132885,0.0,0.786967328805484,0.6169946704735463,0.0,0.0,21.98924500348167,8.068812383167948,0.01128569541513561,1.0]}],"settings":{"inputs":[{"name":"componentPosition","index":0,"type":"doubleMatrix"},{"name":"start_wMtx","index":1,"type":"doubleMatrix"},{"name":"endPos_offsetMtx","index":2,"type":"doubleMatrix"}],"outputs":[{"name":"startOutputMatrix","index":0,"type":"doubleMatrix"},{"name":"midOutputMatrix","index":1,"type":"doubleMatrix"},{"name":"endOutputMatrix","index":2,"type":"doubleMatrix"}],"joints":false,"root_control":false,"neutralise_end_rotation":false,"pole_vector_distance":14,"min_length_percentage":0.1,"pop_removal_percentage":1e-06}},"6a735ef0-25d3-11f0-81c1-a86e8487d4d6":{"name":"armIK_R","cmpt_tag":"two_bone_ik_01","guides_data":[{"name":"armIK_R_start","world_matrix":[-0.6354985692197433,-0.7721020454056962,0.0,0.0,0.7721020454056962,-0.6354985692197433,0.0,0.0,0.0,0.0,1.0,0.0,-13.675952911376955,20.583433151245117,-5.329070518200751e-15,1.0]},{"name":"armIK_R_mid","world_matrix":[-0.6368451729015309,-0.7709917157479822,0.0,0.0,0.7709917157479826,-0.6368451729015312,0.0,0.0,0.0,0.0,1.0,0.0,-20.350545759472766,12.474104444821176,-5.329070518200751e-15,1.0]},{"name":"armIK_R_end","world_matrix":[-0.6368451729015318,-0.7709917157479832,0.0,0.0,0.7709917157479835,-0.6368451729015319,0.0,0.0,0.0,0.0,1.0,0.0,-23.870507968164443,8.21268924042758,-5.329070518200751e-15,1.0]}],"settings":{"inputs":[{"name":"componentPosition","index":0,"type":"doubleMatrix"},{"name":"start_wMtx","index":1,"type":"doubleMatrix"},{"name":"endPos_offsetMtx","index":2,"type":"doubleMatrix"}],"outputs":[{"name":"startOutputMatrix","index":0,"type":"doubleMatrix"},{"name":"midOutputMatrix","index":1,"type":"doubleMatrix"},{"name":"endOutputMatrix","index":2,"type":"doubleMatrix"}],"joints":false,"root_control":false,"neutralise_end_rotation":false,"pole_vector_distance":6,"min_length_percentage":0.1,"pop_removal_percentage":1e-06}},"8ee6fe0d-25d4-11f0-844d-a86e8487d4d6":{"name":"arm_L_blend","cmpt_tag":"components_blend_01","guides_data":{},"settings":{"inputs":[{"name":"cmpt01_wMtx001","index":0,"type":"doubleMatrix"},{"name":"cmpt01_wMtx002","index":1,"type":"doubleMatrix"},{"name":"cmpt01_wMtx003","index":2,"type":"doubleMatrix"},{"name":"cmpt02_wMtx001","index":3,"type":"doubleMatrix"},{"name":"cmpt02_wMtx002","index":4,"type":"doubleMatrix"},{"name":"cmpt02_wMtx003","index":5,"type":"doubleMatrix"}],"outputs":[{"name":"outputBlendMatrix001","index":0,"type":"doubleMatrix"},{"name":"outputBlendMatrix002","index":1,"type":"doubleMatrix"},{"name":"outputBlendMatrix003","index":2,"type":"doubleMatrix"}],"joints":true,"blend_attr_name":"FK_IK_blend","n_points":3}},"9602938e-25d4-11f0-988b-a86e8487d4d6":{"name":"arm_R_blend","cmpt_tag":"components_blend_01","guides_data":{},"settings":{"inputs":[{"name":"cmpt01_wMtx001","index":0,"type":"doubleMatrix"},{"name":"cmpt01_wMtx002","index":1,"type":"doubleMatrix"},{"name":"cmpt01_wMtx003","index":2,"type":"doubleMatrix"},{"name":"cmpt02_wMtx001","index":3,"type":"doubleMatrix"},{"name":"cmpt02_wMtx002","index":4,"type":"doubleMatrix"},{"name":"cmpt02_wMtx003","index":5,"type":"doubleMatrix"}],"outputs":[{"name":"outputBlendMatrix001","index":0,"type":"doubleMatrix"},{"name":"outputBlendMatrix002","index":1,"type":"doubleMatrix"},{"name":"outputBlendMatrix003","index":2,"type":"doubleMatrix"}],"joints":true,"blend_attr_name":"FK_IK_blend","n_points":3}},"c9757963-25d9-11f0-926e-a86e8487d4d6":{"name":"handL001","cmpt_tag":"single_point_01","guides_data":[{"name":"handL001_point","world_matrix":[0.6169937307371636,-0.7869661301860028,0.0017453283658981924,0.0,0.001076858299985162,-0.0013735164019996748,-0.9999984769132878,0.0,-0.7869673288054838,-0.6169946704735475,6.661338147750938e-16,0.0,24.145741816929817,5.318233459116188,-0.2824069019250415,1.0]}],"settings":{"inputs":[{"name":"componentPosition","index":0,"type":"doubleMatrix"}],"outputs":[{"name":"outputWorldMatrix","index":0,"type":"doubleMatrix"}],"joints":true,"create_control":true,"movable_pivot":false}},"cf22a472-25d9-11f0-80da-a86e8487d4d6":{"name":"handL002","cmpt_tag":"single_point_01","guides_data":[{"name":"handL002_point","world_matrix":[0.6169937307371633,-0.7869661301860029,0.0017453283658980258,0.0,-0.0010768582999848288,0.0013735164019995638,0.9999984769132878,0.0,-0.7869673288054841,-0.6169946704735474,6.661338147750939e-16,0.0,24.144850861928173,5.3193698586853975,0.43444248625774823,1.0]}],"settings":{"inputs":[{"name":"componentPosition","index":0,"type":"doubleMatrix"}],"outputs":[{"name":"outputWorldMatrix","index":0,"type":"doubleMatrix"}],"joints":true,"create_control":true,"movable_pivot":false}},"d3aae944-25d9-11f0-b630-a86e8487d4d6":{"name":"handR002","cmpt_tag":"single_point_01","guides_data":[{"name":"handR002_point","world_matrix":[-0.6169937307371643,-0.7869661301860035,-0.0017453283658982494,0.0,0.0010768582999852174,0.0013735164019996748,-0.9999984769132878,0.0,-0.7869673288054839,0.6169946704735476,4.440892098500626e-16,0.0,-25.728711887347856,5.929324423247845,-0.016778741031884953,1.0]}],"settings":{"inputs":[{"name":"componentPosition","index":0,"type":"doubleMatrix"}],"outputs":[{"name":"outputWorldMatrix","index":0,"type":"doubleMatrix"}],"joints":true,"create_control":true,"movable_pivot":false}},"d65b6124-25d9-11f0-94c6-a86e8487d4d6":{"name":"handR001","cmpt_tag":"single_point_01","guides_data":[{"name":"handR001_point","world_matrix":[-0.6169937307371642,-0.7869661301860034,0.001745328365898249,0.0,0.0010768582999852174,0.0013735164019996748,0.9999984769132878,0.0,-0.7869673288054839,0.6169946704735476,-4.440892098500626e-16,0.0,-25.728711887347856,5.929324423247845,-0.016778741031884953,1.0]}],"settings":{"inputs":[{"name":"componentPosition","index":0,"type":"doubleMatrix"}],"outputs":[{"name":"outputWorldMatrix","index":0,"type":"doubleMatrix"}],"joints":true,"create_control":true,"movable_pivot":false}},"699d499a-2988-11f0-89fd-846993801060":{"name":"hinge_001","cmpt_tag":"single_point_01","guides_data":[{"name":"hinge_001_point","world_matrix":[-5.107025913275721e-15,-1.0000000000000004,-5.551115123125784e-17,0.0,-0.06975647374412658,2.220446049250313e-16,0.9975640502598243,0.0,-0.9975640502598242,4.9960036108132044e-15,-0.06975647374412652,0.0,-1.6304969787597656,2.9494664511029893,11.319923400878906,1.0]}],"settings":{"inputs":[{"name":"componentPosition","index":0,"type":"doubleMatrix"}],"outputs":[{"name":"outputWorldMatrix","index":0,"type":"doubleMatrix"}],"joints":true,"create_control":false,"movable_pivot":false}},"699e9f6d-2988-11f0-a3e2-846993801060":{"name":"hinge_002","cmpt_tag":"single_point_01","guides_data":[{"name":"hinge_002_point","world_matrix":[-4.440892098500626e-16,-1.0,-1.1102230246251565e-16,0.0,0.21411542407117956,-2.220446049250313e-16,0.9768083666588954,0.0,-0.9768083666588954,4.996003610813204e-16,0.21411542407117956,0.0,1.6408923864364624,2.9494664511029893,11.291539669036865,1.0]}],"settings":{"inputs":[{"name":"componentPosition","index":0,"type":"doubleMatrix"}],"outputs":[{"name":"outputWorldMatrix","index":0,"type":"doubleMatrix"}],"joints":true,"create_control":false,"movable_pivot":false}},"699f89e0-2988-11f0-9f9c-846993801060":{"name":"hinge_003","cmpt_tag":"single_point_01","guides_data":[{"name":"hinge_003_point","world_matrix":[4.440892098500626e-16,-1.0,-5.551115123125783e-17,0.0,0.48064096362169584,2.220446049250313e-16,0.8769174784943039,0.0,-0.8769174784943039,-4.996003610813204e-16,0.4806409636216957,0.0,4.754686117172241,2.9494664511029893,10.38501262664795,1.0]}],"settings":{"inputs":[{"name":"componentPosition","index":0,"type":"doubleMatrix"}],"outputs":[{"name":"outputWorldMatrix","index":0,"type":"doubleMatrix"}],"joints":true,"create_control":false,"movable_pivot":false}},"69a07299-2988-11f0-a686-846993801060":{"name":"hinge_004","cmpt_tag":"single_point_01","guides_data":[{"name":"hinge_004_point","world_matrix":[-2.220446049250313e-16,-1.0,0.0,0.0,0.7082278307814589,0.0,0.7059839514511568,0.0,-0.7059839514511568,1.1102230246251565e-16,0.7082278307814589,0.0,7.483243227005005,2.9494664511029893,8.633446216583252,1.0]}],"settings":{"inputs":[{"name":"componentPosition","index":0,"type":"doubleMatrix"}],"outputs":[{"name":"outputWorldMatrix","index":0,"type":"doubleMatrix"}],"joints":true,"create_control":false,"movable_pivot":false}},"69a15df0-2988-11f0-9463-846993801060":{"name":"hinge_005","cmpt_tag":"single_point_01","guides_data":[{"name":"hinge_005_point","world_matrix":[-8.881784197001252e-16,-1.0,0.0,0.0,0.8784382910843979,-6.661338147750942e-16,0.4778558033096637,0.0,-0.4778558033096635,3.885780586188049e-16,0.8784382910843973,0.0,9.605597496032715,2.9494664511029893,6.182432174682617,1.0]}],"settings":{"inputs":[{"name":"componentPosition","index":0,"type":"doubleMatrix"}],"outputs":[{"name":"outputWorldMatrix","index":0,"type":"doubleMatrix"}],"joints":true,"create_control":false,"movable_pivot":false}},"69a24e72-2988-11f0-bc2b-846993801060":{"name":"hinge_006","cmpt_tag":"single_point_01","guides_data":[{"name":"hinge_006_point","world_matrix":[0.0,-1.0,0.0,0.0,0.9774829053173523,0.0,0.21101461990191006,0.0,-0.21101461990191006,0.0,0.9774829053173523,0.0,10.949754238128662,2.9494664511029893,3.230571746826172,1.0]}],"settings":{"inputs":[{"name":"componentPosition","index":0,"type":"doubleMatrix"}],"outputs":[{"name":"outputWorldMatrix","index":0,"type":"doubleMatrix"}],"joints":true,"create_control":false,"movable_pivot":false}},"69a332b1-2988-11f0-87c8-846993801060":{"name":"hinge_007","cmpt_tag":"single_point_01","guides_data":[{"name":"hinge_007_point","world_matrix":[0.0,-1.0,0.0,0.0,0.9973376678761724,0.0,-0.07292171305803087,0.0,0.07292171305803087,0.0,0.9973376678761723,0.0,11.43488883972168,2.9494664511029893,-0.0057935714721677,1.0]}],"settings":{"inputs":[{"name":"componentPosition","index":0,"type":"doubleMatrix"}],"outputs":[{"name":"outputWorldMatrix","index":0,"type":"doubleMatrix"}],"joints":true,"create_control":false,"movable_pivot":false}},"69a44424-2988-11f0-b1e7-846993801060":{"name":"hinge_008","cmpt_tag":"single_point_01","guides_data":[{"name":"hinge_008_point","world_matrix":[-4.440892098500626e-16,-1.0,2.775557561562892e-17,0.0,0.9363940639791607,-4.440892098500626e-16,-0.35095036250813544,0.0,0.3509503625081354,-1.3877787807814457e-16,0.9363940639791605,0.0,10.951662540435791,2.9494664511029893,-3.2306551933288574,1.0]}],"settings":{"inputs":[{"name":"componentPosition","index":0,"type":"doubleMatrix"}],"outputs":[{"name":"outputWorldMatrix","index":0,"type":"doubleMatrix"}],"joints":true,"create_control":false,"movable_pivot":false}},"69a51dc1-2988-11f0-b1fb-846993801060":{"name":"hinge_009","cmpt_tag":"single_point_01","guides_data":[{"name":"hinge_009_point","world_matrix":[-8.881784197001256e-16,-1.0000000000000007,0.0,0.0,0.7995893819684844,-6.661338147750942e-16,-0.6005471007700048,0.0,0.6005471007700046,-4.440892098500627e-16,0.7995893819684838,0.0,9.607076644897461,2.9494664511029893,-6.181836128234863,1.0]}],"settings":{"inputs":[{"name":"componentPosition","index":0,"type":"doubleMatrix"}],"outputs":[{"name":"outputWorldMatrix","index":0,"type":"doubleMatrix"}],"joints":true,"create_control":false,"movable_pivot":false}},"69a63092-2988-11f0-845a-846993801060":{"name":"hinge_010","cmpt_tag":"single_point_01","guides_data":[{"name":"hinge_010_point","world_matrix":[-4.440892098500626e-16,-1.0,1.1102230246251565e-16,0.0,0.5980067235718787,-4.440892098500626e-16,-0.8014910845186157,0.0,0.8014910845186157,-3.3306690738754696e-16,0.5980067235718787,0.0,7.484103202819824,2.9494664511029893,-8.632242679595947,1.0]}],"settings":{"inputs":[{"name":"componentPosition","index":0,"type":"doubleMatrix"}],"outputs":[{"name":"outputWorldMatrix","index":0,"type":"doubleMatrix"}],"joints":true,"create_control":false,"movable_pivot":false}},"69a71ade-2988-11f0-9ad3-846993801060":{"name":"hinge_011","cmpt_tag":"single_point_01","guides_data":[{"name":"hinge_011_point","world_matrix":[3.3306690738754696e-16,-1.0,0.0,0.0,0.347977116914405,0.0,-0.9375030272505464,0.0,0.9375030272505464,3.3306690738754696e-16,0.347977116914405,0.0,4.754925608634949,2.9494664511029893,-10.383331775665283,1.0]}],"settings":{"inputs":[{"name":"componentPosition","index":0,"type":"doubleMatrix"}],"outputs":[{"name":"outputWorldMatrix","index":0,"type":"doubleMatrix"}],"joints":true,"create_control":false,"movable_pivot":false}},"69a80409-2988-11f0-ae5f-846993801060":{"name":"hinge_012","cmpt_tag":"single_point_01","guides_data":[{"name":"hinge_012_point","world_matrix":[8.881784197001252e-16,-1.0,0.0,0.0,0.06975647374412412,1.1102230246251563e-16,-0.997564050259824,0.0,0.9975640502598243,8.326672684688674e-16,0.06975647374412419,0.0,1.630544662475586,2.9494664511029893,-11.319923877716064,1.0]}],"settings":{"inputs":[{"name":"componentPosition","index":0,"type":"doubleMatrix"}],"outputs":[{"name":"outputWorldMatrix","index":0,"type":"doubleMatrix"}],"joints":true,"create_control":false,"movable_pivot":false}},"69a8ee69-2988-11f0-859b-846993801060":{"name":"hinge_013","cmpt_tag":"single_point_01","guides_data":[{"name":"hinge_013_point","world_matrix":[-2.220446049250313e-15,-1.0,-1.1102230246251565e-16,0.0,-0.21411542407118195,5.551115123125782e-16,-0.9768083666588945,0.0,0.9768083666588947,-2.0539125955565392e-15,-0.21411542407118198,0.0,-1.640844464302063,2.9494664511029893,-11.291564464569092,1.0]}],"settings":{"inputs":[{"name":"componentPosition","index":0,"type":"doubleMatrix"}],"outputs":[{"name":"outputWorldMatrix","index":0,"type":"doubleMatrix"}],"joints":true,"create_control":false,"movable_pivot":false}},"69a9d8ca-2988-11f0-a073-846993801060":{"name":"hinge_014","cmpt_tag":"single_point_01","guides_data":[{"name":"hinge_014_point","world_matrix":[-2.2204460492503127e-15,-0.9999999999999997,0.0,0.0,-0.4806409636216966,1.1102230246251563e-15,-0.8769174784943029,0.0,0.8769174784943028,-1.8873791418627653e-15,-0.48064096362169667,0.0,-4.754590749740601,2.9494664511029893,-10.385060787200928,1.0]}],"settings":{"inputs":[{"name":"componentPosition","index":0,"type":"doubleMatrix"}],"outputs":[{"name":"outputWorldMatrix","index":0,"type":"doubleMatrix"}],"joints":true,"create_control":false,"movable_pivot":false}},"69aac16e-2988-11f0-80ca-846993801060":{"name":"hinge_015","cmpt_tag":"single_point_01","guides_data":[{"name":"hinge_015_point","world_matrix":[-1.5543122344752192e-15,-1.0,5.5511151231257815e-17,0.0,-0.7082278307814602,1.1102230246251563e-15,-0.7059839514511552,0.0,0.7059839514511552,-1.1102230246251561e-15,-0.7082278307814599,0.0,-7.483243703842163,2.9494664511029893,-8.633541584014893,1.0]}],"settings":{"inputs":[{"name":"componentPosition","index":0,"type":"doubleMatrix"}],"outputs":[{"name":"outputWorldMatrix","index":0,"type":"doubleMatrix"}],"joints":true,"create_control":false,"movable_pivot":false}},"69ababf5-2988-11f0-a40d-846993801060":{"name":"hinge_016","cmpt_tag":"single_point_01","guides_data":[{"name":"hinge_016_point","world_matrix":[-4.440892098500625e-16,-0.9999999999999997,0.0,0.0,-0.8784382910843974,4.440892098500625e-16,-0.4778558033096626,0.0,0.47785580330966254,-2.498001805406601e-16,-0.8784382910843972,0.0,-9.605550765991211,2.9494664511029893,-6.182478904724121,1.0]}],"settings":{"inputs":[{"name":"componentPosition","index":0,"type":"doubleMatrix"}],"outputs":[{"name":"outputWorldMatrix","index":0,"type":"doubleMatrix"}],"joints":true,"create_control":false,"movable_pivot":false}},"69ac9aab-2988-11f0-ad87-846993801060":{"name":"hinge_017","cmpt_tag":"single_point_01","guides_data":[{"name":"hinge_017_point","world_matrix":[-3.1086244689504383e-15,-1.0,-1.3877787807814457e-17,0.0,-0.9774829053173527,2.9976021664879227e-15,-0.2110146199019094,0.0,0.2110146199019094,-6.522560269672795e-16,-0.9774829053173528,0.0,-10.94975471496582,2.9494664511029893,-3.2306671142578125,1.0]}],"settings":{"inputs":[{"name":"componentPosition","index":0,"type":"doubleMatrix"}],"outputs":[{"name":"outputWorldMatrix","index":0,"type":"doubleMatrix"}],"joints":true,"create_control":false,"movable_pivot":false}},"69ad882f-2988-11f0-a0d6-846993801060":{"name":"hinge_018","cmpt_tag":"single_point_01","guides_data":[{"name":"hinge_018_point","world_matrix":[-1.998401444325281e-15,-0.9999999999999993,-6.938893903907224e-18,0.0,-0.9973376678761717,2.1094237467877966e-15,0.07292171305803055,0.0,-0.07292171305803051,1.526556658859589e-16,-0.9973376678761714,0.0,-11.43488883972168,2.9494664511029893,0.00588893890380838,1.0]}],"settings":{"inputs":[{"name":"componentPosition","index":0,"type":"doubleMatrix"}],"outputs":[{"name":"outputWorldMatrix","index":0,"type":"doubleMatrix"}],"joints":true,"create_control":false,"movable_pivot":false}},"69ae7346-2988-11f0-9003-846993801060":{"name":"hinge_019","cmpt_tag":"single_point_01","guides_data":[{"name":"hinge_019_point","world_matrix":[-8.881784197001252e-16,-1.0,-2.7755575615628914e-17,0.0,-0.936394063979161,6.661338147750939e-16,0.3509503625081346,0.0,-0.3509503625081346,3.0531133177191805e-16,-0.936394063979161,0.0,-10.951566696166992,2.9494664511029893,3.230726718902588,1.0]}],"settings":{"inputs":[{"name":"componentPosition","index":0,"type":"doubleMatrix"}],"outputs":[{"name":"outputWorldMatrix","index":0,"type":"doubleMatrix"}],"joints":true,"create_control":false,"movable_pivot":false}},"69af7c75-2988-11f0-9a0d-846993801060":{"name":"hinge_020","cmpt_tag":"single_point_01","guides_data":[{"name":"hinge_020_point","world_matrix":[0.0,-1.0,0.0,0.0,-0.7995893819684861,0.0,0.6005471007700012,0.0,-0.6005471007700012,0.0,-0.7995893819684861,0.0,-9.607028484344482,2.9494664511029893,6.181895732879639,1.0]}],"settings":{"inputs":[{"name":"componentPosition","index":0,"type":"doubleMatrix"}],"outputs":[{"name":"outputWorldMatrix","index":0,"type":"doubleMatrix"}],"joints":true,"create_control":false,"movable_pivot":false}},"69b05c37-2988-11f0-80dd-846993801060":{"name":"hinge_021","cmpt_tag":"single_point_01","guides_data":[{"name":"hinge_021_point","world_matrix":[-1.5543122344752184e-15,-0.9999999999999993,0.0,0.0,-0.5980067235718808,1.1102230246251561e-15,0.8014910845186135,0.0,-0.8014910845186134,1.2767564783189288e-15,-0.5980067235718809,0.0,-7.484102249145508,2.9494664511029893,8.632337808609009,1.0]}],"settings":{"inputs":[{"name":"componentPosition","index":0,"type":"doubleMatrix"}],"outputs":[{"name":"outputWorldMatrix","index":0,"type":"doubleMatrix"}],"joints":true,"create_control":false,"movable_pivot":false}},"69b14613-2988-11f0-993f-846993801060":{"name":"hinge_022","cmpt_tag":"single_point_01","guides_data":[{"name":"hinge_022_point","world_matrix":[-8.881784197001252e-16,-1.0,-5.551115123125783e-17,0.0,-0.3479771169144061,2.2204460492503126e-16,0.9375030272505456,0.0,-0.9375030272505456,7.216449660063516e-16,-0.3479771169144061,0.0,-4.754876732826233,2.9494664511029893,10.383403301239014,1.0]}],"settings":{"inputs":[{"name":"componentPosition","index":0,"type":"doubleMatrix"}],"outputs":[{"name":"outputWorldMatrix","index":0,"type":"doubleMatrix"}],"joints":true,"create_control":false,"movable_pivot":false}}}