{"61cde978-e9ed-11ef-9cd2-0242ac120002":{"name":"MooMoo_head_M","cmpt_tag":"single_point_01","guides_data":[{"name":"MooMoo_head_M_point","world_matrix":[0.000008699092412967057,0,0.9999999999621616,0,0,1.000000000000001,0,0,-0.9999999999621676,0,0.00000869909241296711,0,-0.00034474932478943427,8.588795989522234,5.505156396856486,1]}],"settings":{"inputs":[{"name":"componentPosition","index":0,"type":"doubleMatrix"}],"outputs":[{"name":"outputWorldMatrix","index":0,"type":"doubleMatrix"}],"joints":true,"create_control":true,"movable_pivot":false}},"6bdbf43c-e9ed-11ef-9cd2-0242ac120002":{"name":"MooMoo_backLegIK_R","cmpt_tag":"quadruped_back_leg_01","guides_data":[{"name":"MooMoo_backLegIK_R_femur","world_matrix":[0,-0.9805897475921768,0.19607077017523833,0,0,-0.19607077017523844,-0.9805897475921768,0,1,0,0,0,-1.7386357156763825,7.608258442667529,-2.1614889106043544,1]},{"name":"MooMoo_backLegIK_R_knee","world_matrix":[0,-0.6464264731159381,-0.7629762872166405,0,0,0.7629762872166403,-0.646426473115938,0,1,0,0,0,-1.7386357156763825,4.002748896030138,-1.4405604739984894,1]},{"name":"MooMoo_backLegIK_R_heel","world_matrix":[0,-0.9438870078240383,0.3302685520315002,0,0,-0.33026855203150035,-0.9438870078240384,0,1,0,0,0,-1.7386357156763825,2.513397768639008,-3.1984395844584297,1]},{"name":"MooMoo_backLegIK_R_ankle","world_matrix":[0,-0.9438870078240383,0.3302685520315002,0,0,-0.33026855203150035,-0.9438870078240384,0,1,0,0,0,-1.7386357156763825,0.661759987285186,-2.5505466440265696,1]}],"settings":{"inputs":[{"name":"componentPosition","index":0,"type":"doubleMatrix"},{"name":"start_wMtx","index":1,"type":"doubleMatrix"},{"name":"endPos_offsetMtx","index":2,"type":"doubleMatrix"}],"outputs":[{"name":"hipOutputMatrix","index":0,"type":"doubleMatrix"},{"name":"kneeOutputMatrix","index":1,"type":"doubleMatrix"},{"name":"heelOutputMatrix","index":2,"type":"doubleMatrix"},{"name":"ankleOutputMatrix","index":3,"type":"doubleMatrix"}],"joints":false,"pole_vector_distance":6.5,"orient_ankle_to_world":true}},"6f117adc-e9ed-11ef-9cd2-0242ac120002":{"name":"MooMoo_spineIK_M","cmpt_tag":"quadruped_spine_01","guides_data":[{"name":"MooMoo_spineIK_M_back","world_matrix":[0,-0.16400227457530694,0.986459960634032,0,0,0.9864599606340468,0.16400227457530944,0,-1.0000000000000098,0,0,0,0,7.255606514208401,-1.118197330162968,1]},{"name":"MooMoo_spineIK_M_mid","world_matrix":[0,-0.16400227457530858,0.9864599606340418,0,0,0.9864599606340466,0.16400227457530941,0,-1,0,0,0,0,6.816176764210664,1.5249104795615946,1]},{"name":"MooMoo_spineIK_M_chest","world_matrix":[1.694065894508598e-21,-0.05319899367855849,0.9985839309099545,0,-0.00014652929193667647,0.9985839201897466,0.05319899310744659,0,-0.9999999892645881,-0.0001463217963355801,-0.00000779521087546313,0,0,6.293267732420524,4.368111733081443,1]}],"settings":{"inputs":[{"name":"componentPosition","index":0,"type":"doubleMatrix"}],"outputs":[{"name":"outputMatrix001","index":0,"type":"doubleMatrix"},{"name":"outputMatrix002","index":1,"type":"doubleMatrix"},{"name":"outputMatrix003","index":2,"type":"doubleMatrix"},{"name":"outputMatrix004","index":3,"type":"doubleMatrix"},{"name":"outputMatrix005","index":4,"type":"doubleMatrix"}],"joints":false,"n_points":5}},"714efa72-e9ed-11ef-9cd2-0242ac120002":{"name":"MooMoo_tailFK_M","cmpt_tag":"fk_tail_01","guides_data":[{"name":"MooMoo_tailFK_M_FK001","world_matrix":[0,-0.6743023875837234,-0.7384553406258838,0,0,0.7384553406258837,-0.6743023875837233,0,1,0,0,0,0,8.056512187931464,-2.905744429839063,1]},{"name":"MooMoo_tailFK_M_FK002","world_matrix":[0,-0.6743023875837234,-0.7384553406258838,0,0,0.7384553406258837,-0.6743023875837233,0,1,0,0,0,0,7.877255644523977,-3.1020553939685716,1]},{"name":"MooMoo_tailFK_M_FK003","world_matrix":[0,-0.6743023875837234,-0.7384553406258838,0,0,0.7384553406258837,-0.6743023875837233,0,1,0,0,0,0,7.691751609629106,-3.3052082342938625,1]},{"name":"MooMoo_tailFK_M_FK004","world_matrix":[0,-0.6743023875837234,-0.7384553406258838,0,0,0.7384553406258837,-0.6743023875837233,0,1,0,0,0,0,7.499927683340837,-3.515282238829092,1]},{"name":"MooMoo_tailFK_M_FK005","world_matrix":[0,-0.6743023875837234,-0.7384553406258838,0,0,0.7384553406258837,-0.6743023875837233,0,1,0,0,0,0,7.303316358666634,-3.7305991135823797,1]},{"name":"MooMoo_tailFK_M_FK006","world_matrix":[0,-0.6743023875837234,-0.7384553406258838,0,0,0.7384553406258837,-0.6743023875837233,0,1,0,0,0,0,7.101308245330869,-3.9518262260609442,1]},{"name":"MooMoo_tailFK_M_FK007","world_matrix":[0,-0.6743023875837234,-0.7384553406258838,0,0,0.7384553406258837,-0.6743023875837233,0,1,0,0,0,0,6.899317668978435,-4.173034133092166,1]},{"name":"MooMoo_tailFK_M_FK008","world_matrix":[0,-0.6743023875837234,-0.7384553406258838,0,0,0.7384553406258837,-0.6743023875837233,0,1,0,0,0,0,6.697327109791589,-4.394242021324677,1]},{"name":"MooMoo_tailFK_M_FK009","world_matrix":[0,-0.6743023875837234,-0.7384553406258838,0,0,0.7384553406258837,-0.6743023875837233,0,1,0,0,0,0,6.489728140971713,-4.621591901817882,1]},{"name":"MooMoo_tailFK_M_FK010","world_matrix":[0,-0.6743023875837234,-0.7384553406258838,0,0,0.7384553406258837,-0.6743023875837233,0,1,0,0,0,0,6.276523793308189,-4.855080455433977,1]},{"name":"MooMoo_tailFK_M_FK011","world_matrix":[0,-0.6743023875837234,-0.7384553406258838,0,0,0.7384553406258837,-0.6743023875837233,0,1,0,0,0,0,6.063317829526323,-5.088570778925454,1]},{"name":"MooMoo_tailFK_M_FK012","world_matrix":[0,-0.6743023875837234,-0.7384553406258838,0,0,0.7384553406258837,-0.6743023875837233,0,1,0,0,0,0,5.850113246084291,-5.322059590751951,1]},{"name":"MooMoo_tailFK_M_FK013","world_matrix":[0,-0.6743023875837234,-0.7384553406258838,0,0,0.7384553406258837,-0.6743023875837233,0,1,0,0,0,0,5.636907719528237,-5.555549435420061,1]},{"name":"MooMoo_tailFK_M_FK014","world_matrix":[0,-0.6743023875837234,-0.7384553406258838,0,0,0.7384553406258837,-0.6743023875837233,0,1,0,0,0,0,5.4233996776505835,-5.789370576638441,1]},{"name":"MooMoo_tailFK_M_FK015","world_matrix":[0,-0.6743023875837234,-0.7384553406258838,0,0,0.7384553406258837,-0.6743023875837233,0,1,0,0,0,0,5.210498334031242,-6.022527298484732,1]},{"name":"MooMoo_tailFK_M_FK016","world_matrix":[0,-0.6743023875837234,-0.7384553406258838,0,0,0.7384553406258837,-0.6743023875837233,0,1,0,0,0,0,4.99866070834693,-6.254519100549453,1]},{"name":"MooMoo_tailFK_M_FK017","world_matrix":[0,-0.6743023875837234,-0.7384553406258838,0,0,0.7384553406258837,-0.6743023875837233,0,1,0,0,0,0,4.826059401049621,-6.4435416511434624,1]},{"name":"MooMoo_tailFK_M_FK018","world_matrix":[0,-0.6743023875837234,-0.7384553406258838,0,0,0.7384553406258837,-0.6743023875837233,0,1,0,0,0,0,4.6534580937523105,-6.632564201737469,1]}],"settings":{"inputs":[{"name":"componentPosition","index":0,"type":"doubleMatrix"}],"outputs":[{"name":"outputMatrix001","index":0,"type":"doubleMatrix"},{"name":"outputMatrix002","index":1,"type":"doubleMatrix"},{"name":"outputMatrix003","index":2,"type":"doubleMatrix"},{"name":"outputMatrix004","index":3,"type":"doubleMatrix"},{"name":"outputMatrix005","index":4,"type":"doubleMatrix"},{"name":"outputMatrix006","index":5,"type":"doubleMatrix"},{"name":"outputMatrix007","index":6,"type":"doubleMatrix"},{"name":"outputMatrix008","index":7,"type":"doubleMatrix"},{"name":"outputMatrix009","index":8,"type":"doubleMatrix"},{"name":"outputMatrix010","index":9,"type":"doubleMatrix"},{"name":"outputMatrix011","index":10,"type":"doubleMatrix"},{"name":"outputMatrix012","index":11,"type":"doubleMatrix"},{"name":"outputMatrix013","index":12,"type":"doubleMatrix"},{"name":"outputMatrix014","index":13,"type":"doubleMatrix"},{"name":"outputMatrix015","index":14,"type":"doubleMatrix"},{"name":"outputMatrix016","index":15,"type":"doubleMatrix"},{"name":"outputMatrix017","index":16,"type":"doubleMatrix"},{"name":"outputMatrix018","index":17,"type":"doubleMatrix"}],"joints":true,"n_points":18,"masters_positions":[0,8]}},"75de4b10-e9ed-11ef-9cd2-0242ac120002":{"name":"MooMoo_global_M","cmpt_tag":"global_01","guides_data":[{"name":"MooMoo_global_M_root","world_matrix":[1.0000000000000002,0,0,0,0,1,0,0,0,0,1.0000000000000002,0,0,0,0,1]}],"settings":{"inputs":[{"name":"componentPosition","index":0,"type":"doubleMatrix"}],"outputs":[{"name":"globalOutput","index":0,"type":"doubleMatrix"}],"n_offsets":1}},"786a7020-e9ed-11ef-9cd2-0242ac120002":{"name":"MooMoo_backLegIK_L","cmpt_tag":"quadruped_back_leg_01","guides_data":[{"name":"MooMoo_backLegIK_L_femur","world_matrix":[0,-0.9805897475921767,0.1960707701752382,0,0,-0.19607077017523822,-0.9805897475921767,0,1,0,0,0,1.7386357156763825,7.608258442667529,-2.1614889106043544,1]},{"name":"MooMoo_backLegIK_L_knee","world_matrix":[0,-0.6464264731159379,-0.7629762872166405,0,0,0.7629762872166403,-0.6464264731159379,0,1,0,0,0,1.7386357156763825,4.002748896030138,-1.4405604739984899,1]},{"name":"MooMoo_backLegIK_L_heel","world_matrix":[0,-0.9438870078240382,0.3302685520315001,0,0,-0.33026855203150013,-0.9438870078240383,0,1,0,0,0,1.7386357156763825,2.5133977686390083,-3.1984395844584306,1]},{"name":"MooMoo_backLegIK_L_ankle","world_matrix":[0,-0.9438870078240382,0.3302685520315001,0,0,-0.33026855203150013,-0.9438870078240383,0,1,0,0,0,1.7386357156763825,0.661759987285186,-2.5505466440265705,1]}],"settings":{"inputs":[{"name":"componentPosition","index":0,"type":"doubleMatrix"},{"name":"start_wMtx","index":1,"type":"doubleMatrix"},{"name":"endPos_offsetMtx","index":2,"type":"doubleMatrix"}],"outputs":[{"name":"hipOutputMatrix","index":0,"type":"doubleMatrix"},{"name":"kneeOutputMatrix","index":1,"type":"doubleMatrix"},{"name":"heelOutputMatrix","index":2,"type":"doubleMatrix"},{"name":"ankleOutputMatrix","index":3,"type":"doubleMatrix"}],"joints":false,"pole_vector_distance":6.5,"orient_ankle_to_world":true}},"7cc1eaae-e9ed-11ef-9cd2-0242ac120002":{"name":"MooMoo_pelvis_M","cmpt_tag":"single_point_01","guides_data":[{"name":"MooMoo_pelvis_M_point","world_matrix":[0,-0.9999999999999999,0,0,0,0,-1,0,1,0,0,0,1.531693447805701e-17,7.547108493763575,-2.12811600068302,1]}],"settings":{"inputs":[{"name":"componentPosition","index":0,"type":"doubleMatrix"}],"outputs":[{"name":"outputWorldMatrix","index":0,"type":"doubleMatrix"}],"joints":false,"create_control":false,"movable_pivot":false}},"6101b67f-e9f0-11ef-b6c5-846993801060":{"name":"MooMoo_spineFK_M","cmpt_tag":"fk_chain_01","guides_data":[{"name":"MooMoo_spineFK_M_FK001","world_matrix":[0,-0.16400227457530697,0.9864599606340321,0,0,0.9864599606340468,0.16400227457530944,0,-1.0000000000000098,0,0,0,0,7.255606514208401,-1.118197330162968,1]},{"name":"MooMoo_spineFK_M_FK002","world_matrix":[0,-0.16400227457530814,0.9864599606340391,0,0,0.98645996063405,0.16400227457530994,0,-1.0000000000000104,0,0,0,0,7.028030723123056,0.25065611566587553,1]},{"name":"MooMoo_spineFK_M_FK003","world_matrix":[0,-0.1640022745753056,0.9864599606340239,0,0,0.9864599606340468,0.16400227457530944,0,-1.0000000000000178,0,0,0,0,6.816176764210664,1.5249104795615949,1]},{"name":"MooMoo_spineFK_M_FK004","world_matrix":[0,-0.1640022745753058,0.986459960634025,0,0,0.9864599606340491,0.1640022745753098,0,-1.0000000000000184,0,0,0,0,6.57780766966072,2.9587132811932735,1]},{"name":"MooMoo_spineFK_M_FK005","world_matrix":[1.69406589450859e-21,-0.05319899367855424,0.9985839309099145,0,-0.0001465292919366789,0.998583920189747,0.0531989931074488,0,-0.9999999892646279,-0.00014632179633558353,-0.000007795210875463642,0,0,6.2932677324205235,4.368111733081443,1]}],"settings":{"inputs":[{"name":"componentPosition","index":0,"type":"doubleMatrix"}],"outputs":[{"name":"outputMatrix001","index":0,"type":"doubleMatrix"},{"name":"outputMatrix002","index":1,"type":"doubleMatrix"},{"name":"outputMatrix003","index":2,"type":"doubleMatrix"},{"name":"outputMatrix004","index":3,"type":"doubleMatrix"},{"name":"outputMatrix005","index":4,"type":"doubleMatrix"}],"joints":false,"n_points":5}},"c8dc513b-e9f0-11ef-8f2c-846993801060":{"name":"MooMoo_spineBlend_M","cmpt_tag":"components_blend_01","guides_data":{},"settings":{"inputs":[{"name":"cmpt01_wMtx001","index":0,"type":"doubleMatrix"},{"name":"cmpt01_wMtx002","index":1,"type":"doubleMatrix"},{"name":"cmpt01_wMtx003","index":2,"type":"doubleMatrix"},{"name":"cmpt01_wMtx004","index":3,"type":"doubleMatrix"},{"name":"cmpt01_wMtx005","index":4,"type":"doubleMatrix"},{"name":"cmpt02_wMtx001","index":5,"type":"doubleMatrix"},{"name":"cmpt02_wMtx002","index":6,"type":"doubleMatrix"},{"name":"cmpt02_wMtx003","index":7,"type":"doubleMatrix"},{"name":"cmpt02_wMtx004","index":8,"type":"doubleMatrix"},{"name":"cmpt02_wMtx005","index":9,"type":"doubleMatrix"}],"outputs":[{"name":"outputBlendMatrix001","index":0,"type":"doubleMatrix"},{"name":"outputBlendMatrix002","index":1,"type":"doubleMatrix"},{"name":"outputBlendMatrix003","index":2,"type":"doubleMatrix"},{"name":"outputBlendMatrix004","index":3,"type":"doubleMatrix"},{"name":"outputBlendMatrix005","index":4,"type":"doubleMatrix"}],"joints":true,"blend_attr_name":"spineBlend","n_points":5}},"0a38c559-e9f1-11ef-b4ee-846993801060":{"name":"MooMoo_backLegFK_L","cmpt_tag":"fk_chain_01","guides_data":[{"name":"MooMoo_backLegFK_L_FK001","world_matrix":[0,-0.9805897475921768,0.19607077017523833,0,0,-0.19607077017523844,-0.9805897475921768,0,1,0,0,0,1.7386357156763825,7.608258442667529,-2.1614889106043544,1]},{"name":"MooMoo_backLegFK_L_FK002","world_matrix":[0,-0.646426473115938,-0.7629762872166403,0,0,0.7629762872166403,-0.6464264731159379,0,1,0,0,0,1.7386357156763823,4.002748896030138,-1.4405604739984899,1]},{"name":"MooMoo_backLegFK_L_FK003","world_matrix":[0,-0.9438870078240381,0.3302685520315001,0,0,-0.3302685520315001,-0.943887007824038,0,1.0000000000000002,0,0,0,1.7386357156763828,2.5133977686390097,-3.1984395844584306,1]},{"name":"MooMoo_backLegFK_L_FK004","world_matrix":[-1.232595164407831e-32,5.551115123125783e-17,0.9999999999999994,0,1.2246467991473535e-16,0.9999999999999997,-1.6653345369377348e-16,0,-1.0000000000000007,1.2246467991473535e-16,-1.232595164407831e-32,0,1.738635715676382,0.6617599872851876,-2.5505466440265705,1]}],"settings":{"inputs":[{"name":"componentPosition","index":0,"type":"doubleMatrix"}],"outputs":[{"name":"outputMatrix001","index":0,"type":"doubleMatrix"},{"name":"outputMatrix002","index":1,"type":"doubleMatrix"},{"name":"outputMatrix003","index":2,"type":"doubleMatrix"},{"name":"outputMatrix004","index":3,"type":"doubleMatrix"}],"joints":false,"n_points":4}},"0a38ec47-e9f1-11ef-a747-846993801060":{"name":"MooMoo_backLegBlend_L","cmpt_tag":"components_blend_01","guides_data":{},"settings":{"inputs":[{"name":"cmpt01_wMtx001","index":0,"type":"doubleMatrix"},{"name":"cmpt01_wMtx002","index":1,"type":"doubleMatrix"},{"name":"cmpt01_wMtx003","index":2,"type":"doubleMatrix"},{"name":"cmpt01_wMtx004","index":3,"type":"doubleMatrix"},{"name":"cmpt02_wMtx001","index":4,"type":"doubleMatrix"},{"name":"cmpt02_wMtx002","index":5,"type":"doubleMatrix"},{"name":"cmpt02_wMtx003","index":6,"type":"doubleMatrix"},{"name":"cmpt02_wMtx004","index":7,"type":"doubleMatrix"}],"outputs":[{"name":"outputBlendMatrix001","index":0,"type":"doubleMatrix"},{"name":"outputBlendMatrix002","index":1,"type":"doubleMatrix"},{"name":"outputBlendMatrix003","index":2,"type":"doubleMatrix"},{"name":"outputBlendMatrix004","index":3,"type":"doubleMatrix"}],"joints":true,"blend_attr_name":"FK_IK_blend","n_points":4}},"4abd2f27-e9f1-11ef-a405-846993801060":{"name":"MooMoo_backLegFK_R","cmpt_tag":"fk_chain_01","guides_data":[{"name":"MooMoo_backLegFK_R_FK001","world_matrix":[0,-0.9805897475921768,0.19607077017523833,0,0,-0.19607077017523844,-0.9805897475921768,0,1,0,0,0,-1.7386357156763825,7.608258442667529,-2.1614889106043544,1]},{"name":"MooMoo_backLegFK_R_FK002","world_matrix":[0,-0.646426473115938,-0.7629762872166403,0,0,0.7629762872166403,-0.6464264731159379,0,1,0,0,0,-1.7386357156763828,4.002748896030138,-1.4405604739984899,1]},{"name":"MooMoo_backLegFK_R_FK003","world_matrix":[0,-0.943887007824038,0.33026855203149996,0,0,-0.3302685520315,-0.9438870078240378,0,1.0000000000000004,0,0,0,-1.7386357156763823,2.5133977686390097,-3.1984395844584306,1]},{"name":"MooMoo_backLegFK_R_FK004","world_matrix":[-1.2325951644078303e-32,1.1102230246251565e-16,0.9999999999999984,0,1.2246467991473537e-16,0.9999999999999994,-5.551115123125783e-17,0,-1.0000000000000016,1.224646799147354e-16,-6.162975822039155e-33,0,-1.7386357156763828,0.6617599872851876,-2.5505466440265714,1]}],"settings":{"inputs":[{"name":"componentPosition","index":0,"type":"doubleMatrix"}],"outputs":[{"name":"outputMatrix001","index":0,"type":"doubleMatrix"},{"name":"outputMatrix002","index":1,"type":"doubleMatrix"},{"name":"outputMatrix003","index":2,"type":"doubleMatrix"},{"name":"outputMatrix004","index":3,"type":"doubleMatrix"}],"joints":false,"n_points":4}},"4abd2f28-e9f1-11ef-9796-846993801060":{"name":"MooMoo_backLegBlend_R","cmpt_tag":"components_blend_01","guides_data":{},"settings":{"inputs":[{"name":"cmpt01_wMtx001","index":0,"type":"doubleMatrix"},{"name":"cmpt01_wMtx002","index":1,"type":"doubleMatrix"},{"name":"cmpt01_wMtx003","index":2,"type":"doubleMatrix"},{"name":"cmpt01_wMtx004","index":3,"type":"doubleMatrix"},{"name":"cmpt02_wMtx001","index":4,"type":"doubleMatrix"},{"name":"cmpt02_wMtx002","index":5,"type":"doubleMatrix"},{"name":"cmpt02_wMtx003","index":6,"type":"doubleMatrix"},{"name":"cmpt02_wMtx004","index":7,"type":"doubleMatrix"}],"outputs":[{"name":"outputBlendMatrix001","index":0,"type":"doubleMatrix"},{"name":"outputBlendMatrix002","index":1,"type":"doubleMatrix"},{"name":"outputBlendMatrix003","index":2,"type":"doubleMatrix"},{"name":"outputBlendMatrix004","index":3,"type":"doubleMatrix"}],"joints":true,"blend_attr_name":"FK_IK_blend","n_points":4}},"76f55749-e9f1-11ef-8ecb-846993801060":{"name":"MooMoo_frontLegFK_R","cmpt_tag":"fk_chain_01","guides_data":[{"name":"MooMoo_frontLegFK_R_FK001","world_matrix":[-4.4408920985005857e-16,-0.9968371666518956,0.07947114684841688,0,4.440892098500631e-16,0.0794711468484178,0.9968371666519058,0,1.0000000000000033,-4.440892098500642e-16,-4.440892098500642e-16,0,-1.7658650337616684,3.4332655989192182,4.246920627834177,1]},{"name":"MooMoo_frontLegFK_R_FK002","world_matrix":[-4.66722434476746e-16,-0.9996302344236409,0.027191808068411226,0,4.2023876756744063e-16,0.02719180806841532,0.9996302344237482,0,1.0000000000000033,-4.440892098500642e-16,-4.440892098500642e-16,0,-1.7658650337616695,1.8438260603682728,4.373635990383427,1]},{"name":"MooMoo_frontLegFK_R_FK003","world_matrix":[4.107350664371864e-16,0.007014435097922191,0.9999753985474199,0,4.751075223666771e-16,0.9999753985477028,-0.007014435097918673,0,0.999999999999905,-4.440892098500205e-16,-4.440892098500205e-16,0,-1.7658650337616693,0.6521589217543018,4.406051560660079,1]}],"settings":{"inputs":[{"name":"componentPosition","index":0,"type":"doubleMatrix"}],"outputs":[{"name":"outputMatrix001","index":0,"type":"doubleMatrix"},{"name":"outputMatrix002","index":1,"type":"doubleMatrix"},{"name":"outputMatrix003","index":2,"type":"doubleMatrix"}],"joints":false,"n_points":3}},"76f5574a-e9f1-11ef-bf46-846993801060":{"name":"MooMoo_frontLegBlend_R","cmpt_tag":"components_blend_01","guides_data":{},"settings":{"inputs":[{"name":"cmpt01_wMtx001","index":0,"type":"doubleMatrix"},{"name":"cmpt01_wMtx002","index":1,"type":"doubleMatrix"},{"name":"cmpt01_wMtx003","index":2,"type":"doubleMatrix"},{"name":"cmpt02_wMtx001","index":3,"type":"doubleMatrix"},{"name":"cmpt02_wMtx002","index":4,"type":"doubleMatrix"},{"name":"cmpt02_wMtx003","index":5,"type":"doubleMatrix"}],"outputs":[{"name":"outputBlendMatrix001","index":0,"type":"doubleMatrix"},{"name":"outputBlendMatrix002","index":1,"type":"doubleMatrix"},{"name":"outputBlendMatrix003","index":2,"type":"doubleMatrix"}],"joints":true,"blend_attr_name":"FK_IK_blend","n_points":3}},"a87ce2f7-e9f1-11ef-8dda-846993801060":{"name":"MooMoo_frontLegFK_L","cmpt_tag":"fk_chain_01","guides_data":[{"name":"MooMoo_frontLegFK_L_FK001","world_matrix":[4.440892098500586e-16,-0.9968371666518957,0.0794711468484169,0,-4.440892098500631e-16,0.0794711468484178,0.9968371666519058,0,-1.0000000000000036,-4.440892098500643e-16,-4.440892098500643e-16,0,1.7658650337616684,3.4332655989192182,4.246920627834177,1]},{"name":"MooMoo_frontLegFK_L_FK002","world_matrix":[4.667224344767518e-16,-0.9996302344236533,0.027191808068411594,0,-4.2023876756743644e-16,0.027191808068415056,0.9996302344237382,0,-1.000000000000001,-4.440892098500632e-16,-4.440892098500632e-16,0,1.7658650337616693,1.8438260603682726,4.373635990383427,1]},{"name":"MooMoo_frontLegFK_L_FK003","world_matrix":[-4.107350664372005e-16,0.007014435097921993,0.9999753985474547,0,-4.751075223666366e-16,0.9999753985476182,-0.007014435097918562,0,-0.9999999999999551,-4.440892098500428e-16,-4.440892098500428e-16,0,1.7658650337616693,0.6521589217543013,4.406051560660078,1]}],"settings":{"inputs":[{"name":"componentPosition","index":0,"type":"doubleMatrix"}],"outputs":[{"name":"outputMatrix001","index":0,"type":"doubleMatrix"},{"name":"outputMatrix002","index":1,"type":"doubleMatrix"},{"name":"outputMatrix003","index":2,"type":"doubleMatrix"}],"joints":false,"n_points":3}},"a87ce2f8-e9f1-11ef-9b54-846993801060":{"name":"MooMoo_frontLegBlend_L","cmpt_tag":"components_blend_01","guides_data":{},"settings":{"inputs":[{"name":"cmpt01_wMtx001","index":0,"type":"doubleMatrix"},{"name":"cmpt01_wMtx002","index":1,"type":"doubleMatrix"},{"name":"cmpt01_wMtx003","index":2,"type":"doubleMatrix"},{"name":"cmpt02_wMtx001","index":3,"type":"doubleMatrix"},{"name":"cmpt02_wMtx002","index":4,"type":"doubleMatrix"},{"name":"cmpt02_wMtx003","index":5,"type":"doubleMatrix"}],"outputs":[{"name":"outputBlendMatrix001","index":0,"type":"doubleMatrix"},{"name":"outputBlendMatrix002","index":1,"type":"doubleMatrix"},{"name":"outputBlendMatrix003","index":2,"type":"doubleMatrix"}],"joints":true,"blend_attr_name":"FK_IK_blend","n_points":3}},"857e97db-ee48-11ef-9ad2-c85ea9f620a6":{"name":"MooMoo_nail_M","cmpt_tag":"single_point_01","guides_data":[{"name":"MooMoo_nail_M_point","world_matrix":[0,-0.6672347686941379,-0.7448474766324179,0,0,0.7448474766324179,-0.6672347686941379,0,1,0,0,0,0,7.909680594725946,-2.979713854209151,1]}],"settings":{"inputs":[{"name":"componentPosition","index":0,"type":"doubleMatrix"}],"outputs":[{"name":"outputWorldMatrix","index":0,"type":"doubleMatrix"}],"joints":true,"create_control":true,"movable_pivot":false}},"67490758-ef91-11ef-a6ff-a86e8487d4d6":{"name":"MooMoo_uddersMaster_M","cmpt_tag":"single_point_01","guides_data":[{"name":"MooMoo_uddersMaster_M_point","world_matrix":[6.661338147750939e-16,-0.9750762396354458,-0.22187006760353833,0,9.43689570931383e-16,-0.22187006760353833,0.9750762396354458,0,-1.0000000000000078,-9.436895709313904e-16,6.661338147750991e-16,0,1.8235254182106282e-16,3.5161550510506165,-0.7570649095490705,1]}],"settings":{"inputs":[{"name":"componentPosition","index":0,"type":"doubleMatrix"}],"outputs":[{"name":"outputWorldMatrix","index":0,"type":"doubleMatrix"}],"joints":true,"create_control":true,"movable_pivot":false}},"82cbf01d-ef9b-11ef-a87b-a86e8487d4d6":{"name":"MooMoo_teat_LF","cmpt_tag":"fk_chain_01","guides_data":[{"name":"MooMoo_teat_LF_FK001","world_matrix":[0.38198692680839613,-0.8905721213746537,0.24691554098056628,0,0.5476772290850702,0.4333489448751193,0.7157222538927512,0,-0.7444028751215139,-0.13816652491059303,0.6532797034233915,0,0.5800027728451046,2.7816389217475797,0.07562622358953236,1]},{"name":"MooMoo_teat_LF_FK002","world_matrix":[0.3819869268083964,-0.8905721213746542,0.24691554098056645,0,0.5476772290850703,0.43334894487511944,0.7157222538927513,0,-0.7444028751215146,-0.13816652491059314,0.653279703423392,0,0.6902411204384472,2.5246269870896847,0.14688405814487457,1]},{"name":"MooMoo_teat_LF_FK003","world_matrix":[0.38198692680839613,-0.8905721213746536,0.24691554098056626,0,0.5476772290850701,0.43334894487511927,0.715722253892751,0,-0.7444028751215143,-0.13816652491059309,0.6532797034233917,0,0.7842682215357099,2.305410283548176,0.20766297727763755,1]}],"settings":{"inputs":[{"name":"componentPosition","index":0,"type":"doubleMatrix"}],"outputs":[{"name":"outputMatrix001","index":0,"type":"doubleMatrix"},{"name":"outputMatrix002","index":1,"type":"doubleMatrix"},{"name":"outputMatrix003","index":2,"type":"doubleMatrix"}],"joints":true,"n_points":3}},"10c8cd55-ef9c-11ef-a995-a86e8487d4d6":{"name":"MooMoo_teat_LBa","cmpt_tag":"fk_chain_01","guides_data":[{"name":"MooMoo_teat_LBa_FK001","world_matrix":[0.3066678432536132,-0.8696808050284139,-0.3867946887940659,0,0.558847928103238,0.49347401672812025,-0.6664625931505322,0,0.7704828532607934,-0.011776764383216556,0.637351928412998,0,0.5463825475514849,2.738562110957993,-1.428318049975355,1]},{"name":"MooMoo_teat_LBa_FK002","world_matrix":[0.30666784325361507,-0.8696808050284194,-0.3867946887940683,0,0.5588479281032401,0.49347401672812213,-0.6664625931505348,0,0.7704828532607962,-0.011776764383216601,0.6373519284130005,0,0.625512810517233,2.514156219332595,-1.5281236413060233,1]},{"name":"MooMoo_teat_LBa_FK003","world_matrix":[0.3066678432536144,-0.8696808050284175,-0.3867946887940675,0,0.5588479281032388,0.4934740167281209,-0.6664625931505331,0,0.770482853260795,-0.011776764383216582,0.6373519284129995,0,0.7053521832028932,2.2877393600572633,-1.62882362009684,1]}],"settings":{"inputs":[{"name":"componentPosition","index":0,"type":"doubleMatrix"}],"outputs":[{"name":"outputMatrix001","index":0,"type":"doubleMatrix"},{"name":"outputMatrix002","index":1,"type":"doubleMatrix"},{"name":"outputMatrix003","index":2,"type":"doubleMatrix"}],"joints":true,"n_points":3}},"5d7b15d8-ef9c-11ef-9cfd-a86e8487d4d6":{"name":"MooMoo_teat_RBa","cmpt_tag":"fk_chain_01","guides_data":[{"name":"MooMoo_teat_RBa_FK001","world_matrix":[-0.3066678432536129,-0.869680805028414,-0.3867946887940659,0,-0.5588479281032379,0.49347401672812,-0.6664625931505325,0,-0.7704828532607937,-0.011776764383216504,0.637351928412998,0,-0.5463825475514849,2.738562110957993,-1.428318049975355,1]},{"name":"MooMoo_teat_RBa_FK002","world_matrix":[-0.30666784325361374,-0.8696808050284164,-0.386794688794067,0,-0.5588479281032415,0.4934740167281232,-0.6664625931505368,0,-0.7704828532607968,-0.01177676438321655,0.6373519284130006,0,-0.6255128105172328,2.5141562193325946,-1.528123641306023,1]},{"name":"MooMoo_teat_RBa_FK003","world_matrix":[-0.30666784325361257,-0.869680805028413,-0.3867946887940655,0,-0.5588479281032418,0.4934740167281235,-0.6664625931505372,0,-0.770482853260795,-0.011776764383216523,0.6373519284129991,0,-0.705352183202893,2.2877393600572633,-1.62882362009684,1]}],"settings":{"inputs":[{"name":"componentPosition","index":0,"type":"doubleMatrix"}],"outputs":[{"name":"outputMatrix001","index":0,"type":"doubleMatrix"},{"name":"outputMatrix002","index":1,"type":"doubleMatrix"},{"name":"outputMatrix003","index":2,"type":"doubleMatrix"}],"joints":true,"n_points":3}},"99953ee3-ef9c-11ef-8e83-a86e8487d4d6":{"name":"MooMoo_teat_RF","cmpt_tag":"fk_chain_01","guides_data":[{"name":"MooMoo_teat_RF_FK001","world_matrix":[-0.3819869268083961,-0.8905721213746537,0.24691554098056614,0,-0.5476772290850702,0.43334894487511916,0.7157222538927515,0,0.744402875121514,-0.1381665249105932,0.6532797034233915,0,-0.5800027728451046,2.7816389217475797,0.07562622358953236,1]},{"name":"MooMoo_teat_RF_FK002","world_matrix":[-0.38198692680839635,-0.8905721213746542,0.2469155409805663,0,-0.5476772290850704,0.4333489448751193,0.7157222538927518,0,0.7444028751215148,-0.13816652491059336,0.6532797034233923,0,-0.6902411204384469,2.5246269870896842,0.14688405814487465,1]},{"name":"MooMoo_teat_RF_FK003","world_matrix":[-0.3819869268083959,-0.8905721213746532,0.24691554098056603,0,-0.54767722908507,0.43334894487511894,0.7157222538927511,0,0.7444028751215146,-0.1381665249105933,0.653279703423392,0,-0.7842682215357096,2.3054102835481762,0.20766297727763747,1]}],"settings":{"inputs":[{"name":"componentPosition","index":0,"type":"doubleMatrix"}],"outputs":[{"name":"outputMatrix001","index":0,"type":"doubleMatrix"},{"name":"outputMatrix002","index":1,"type":"doubleMatrix"},{"name":"outputMatrix003","index":2,"type":"doubleMatrix"}],"joints":true,"n_points":3}},"024189f4-f450-11ef-9a2f-846993801060":{"name":"MooMoo_backFootIK_L","cmpt_tag":"foot_roll_01","guides_data":[{"name":"MooMoo_backFootIK_L_heel","world_matrix":[0,0,1,0,0,1,0,0,-1,0,0,0,1.7332225382583932,0,-3.0969395728566096,1]},{"name":"MooMoo_backFootIK_L_tip","world_matrix":[0,0,1,0,0,1,0,0,-1,0,0,0,1.7332225382583932,0,-1.8004570330820222,1]},{"name":"MooMoo_backFootIK_L_phalanges","world_matrix":[0,0,1,0,0,1,0,0,-1,0,0,0,1.7332225382583932,0,-2.203884236213454,1]},{"name":"MooMoo_backFootIK_L_ankle","world_matrix":[0,0,1,0,0,1,0,0,-1,0,0,0,1.7332225382583932,0.6617599872851876,-2.5505466440265705,1]},{"name":"MooMoo_backFootIK_L_posBank","world_matrix":[0,0,1,0,0,1,0,0,-1,0,0,0,1.1817673637684032,0,-2.2346975192262217,1]},{"name":"MooMoo_backFootIK_L_negBank","world_matrix":[0,0,1,0,0,1,0,0,-1,0,0,0,2.292989369748392,0,-2.2346975192262217,1]}],"settings":{"inputs":[{"name":"componentPosition","index":0,"type":"doubleMatrix"},{"name":"footRoll","index":1,"type":"double"},{"name":"bendStartAngle","index":2,"type":"angle"},{"name":"bank","index":3,"type":"double"},{"name":"heelTwist","index":4,"type":"double"},{"name":"tipTwist","index":5,"type":"double"}],"outputs":[{"name":"ankleOutputMatrix","index":0,"type":"doubleMatrix"},{"name":"phalanxOutputMatrix","index":1,"type":"doubleMatrix"},{"name":"ankleOffsetMatrix","index":2,"type":"doubleMatrix"}],"joints":false,"tweaks":true,"phalanges":false}},"23668a77-f452-11ef-89cb-846993801060":{"name":"MooMoo_backFootIK_R","cmpt_tag":"foot_roll_01","guides_data":[{"name":"MooMoo_backFootIK_R_heel","world_matrix":[0,0,1,0,0,1,0,0,-1,0,0,0,-1.7332225382583932,0,-3.0969395728566096,1]},{"name":"MooMoo_backFootIK_R_tip","world_matrix":[0,0,1,0,0,1,0,0,-1,0,0,0,-1.7332225382583932,0,-1.8004570330820222,1]},{"name":"MooMoo_backFootIK_R_phalanges","world_matrix":[0,0,1,0,0,1,0,0,-1,0,0,0,-1.7332225382583932,0,-2.203884236213454,1]},{"name":"MooMoo_backFootIK_R_ankle","world_matrix":[0,0,1,0,0,1,0,0,-1,0,0,0,-1.7332225382583932,0.6617599872851876,-2.5505466440265705,1]},{"name":"MooMoo_backFootIK_R_posBank","world_matrix":[0,0,1,0,0,1,0,0,-1,0,0,0,-2.2846777127483833,0,-2.2346975192262217,1]},{"name":"MooMoo_backFootIK_R_negBank","world_matrix":[0,0,1,0,0,1,0,0,-1,0,0,0,-1.1734557067683946,0,-2.2346975192262217,1]}],"settings":{"inputs":[{"name":"componentPosition","index":0,"type":"doubleMatrix"},{"name":"footRoll","index":1,"type":"double"},{"name":"bendStartAngle","index":2,"type":"angle"},{"name":"bank","index":3,"type":"double"},{"name":"heelTwist","index":4,"type":"double"},{"name":"tipTwist","index":5,"type":"double"}],"outputs":[{"name":"ankleOutputMatrix","index":0,"type":"doubleMatrix"},{"name":"phalanxOutputMatrix","index":1,"type":"doubleMatrix"},{"name":"ankleOffsetMatrix","index":2,"type":"doubleMatrix"}],"joints":false,"tweaks":true,"phalanges":false}},"5cba4627-f485-11ef-8f0b-c85ea9f620a6":{"name":"MooMoo_neck_M","cmpt_tag":"fk_chain_01","guides_data":[{"name":"MooMoo_neck_M_FK001","world_matrix":[-0.00013457819531836809,0.8960947213760045,0.4438628529295485,0,-0.00005796156265280854,0.4438628492135644,-0.8960947314477836,0,-0.999999989264588,-0.00014632179635210086,-0.000007795210880123841,0,0,6.293267732420524,4.368111733081443,1]},{"name":"MooMoo_neck_M_FK002","world_matrix":[-0.00013457819531836884,0.8960947213760095,0.44386285292955097,0,-0.00005796156265280852,0.4438628492135643,-0.8960947314477834,0,-0.999999989264588,-0.00014632179635210086,-0.000007795210880123841,0,-0.00016935306812235958,7.420912445107978,4.926668308993212,1]}],"settings":{"inputs":[{"name":"componentPosition","index":0,"type":"doubleMatrix"}],"outputs":[{"name":"outputMatrix001","index":0,"type":"doubleMatrix"},{"name":"outputMatrix002","index":1,"type":"doubleMatrix"}],"joints":false,"n_points":2}},"6f95c104-f8e7-11ef-a70b-846993801060":{"name":"MooMoo_frontFootIK_L","cmpt_tag":"foot_roll_01","guides_data":[{"name":"MooMoo_frontFootIK_L_heel","world_matrix":[0,0,1,0,0,1,0,0,-1,0,0,0,1.7475922181433101,0,4.007315014183951,1]},{"name":"MooMoo_frontFootIK_L_tip","world_matrix":[0,0,1,0,0,1,0,0,-1,0,0,0,1.7475922181433101,0,5.023308858525034,1]},{"name":"MooMoo_frontFootIK_L_phalanges","world_matrix":[0,0,1,0,0,1,0,0,-1,0,0,0,1.7475922181433101,0,4.695312595307426,1]},{"name":"MooMoo_frontFootIK_L_ankle","world_matrix":[0,0,1,0,0,1,0,0,-1,0,0,0,1.7475922181433101,0.6521589217543013,4.406051560660078,1]},{"name":"MooMoo_frontFootIK_L_posBank","world_matrix":[0,0,1,0,0,1,0,0,-1,0,0,0,1.2675922181433101,0,4.6315263366292285,1]},{"name":"MooMoo_frontFootIK_L_negBank","world_matrix":[0,0,1,0,0,1,0,0,-1,0,0,0,2.2280255042689667,0,4.6315263366292285,1]}],"settings":{"inputs":[{"name":"componentPosition","index":0,"type":"doubleMatrix"},{"name":"footRoll","index":1,"type":"double"},{"name":"bendStartAngle","index":2,"type":"angle"},{"name":"bank","index":3,"type":"double"},{"name":"heelTwist","index":4,"type":"double"},{"name":"tipTwist","index":5,"type":"double"}],"outputs":[{"name":"ankleOutputMatrix","index":0,"type":"doubleMatrix"},{"name":"phalanxOutputMatrix","index":1,"type":"doubleMatrix"},{"name":"ankleOffsetMatrix","index":2,"type":"doubleMatrix"}],"joints":false,"tweaks":true,"phalanges":false}},"e9344d6e-f8e7-11ef-bcca-846993801060":{"name":"MooMoo_frontFootIK_R","cmpt_tag":"foot_roll_01","guides_data":[{"name":"MooMoo_frontFootIK_R_heel","world_matrix":[0,0,1,0,0,1,0,0,-1,0,0,0,-1.7475922181433101,0,4.007315014183951,1]},{"name":"MooMoo_frontFootIK_R_tip","world_matrix":[0,0,1,0,0,1,0,0,-1,0,0,0,-1.7475922181433101,0,5.023308858525034,1]},{"name":"MooMoo_frontFootIK_R_phalanges","world_matrix":[0,0,1,0,0,1,0,0,-1,0,0,0,-1.7475922181433101,0,4.695312595307426,1]},{"name":"MooMoo_frontFootIK_R_ankle","world_matrix":[0,0,1,0,0,1,0,0,-1,0,0,0,-1.7475922181433101,0.6521589217543013,4.406051560660078,1]},{"name":"MooMoo_frontFootIK_R_posBank","world_matrix":[0,0,1,0,0,1,0,0,-1,0,0,0,-2.22759221814331,0,4.6315263366292285,1]},{"name":"MooMoo_frontFootIK_R_negBank","world_matrix":[0,0,1,0,0,1,0,0,-1,0,0,0,-1.2671589320176535,0,4.6315263366292285,1]}],"settings":{"inputs":[{"name":"componentPosition","index":0,"type":"doubleMatrix"},{"name":"footRoll","index":1,"type":"double"},{"name":"bendStartAngle","index":2,"type":"angle"},{"name":"bank","index":3,"type":"double"},{"name":"heelTwist","index":4,"type":"double"},{"name":"tipTwist","index":5,"type":"double"}],"outputs":[{"name":"ankleOutputMatrix","index":0,"type":"doubleMatrix"},{"name":"phalanxOutputMatrix","index":1,"type":"doubleMatrix"},{"name":"ankleOffsetMatrix","index":2,"type":"doubleMatrix"}],"joints":false,"tweaks":true,"phalanges":false}},"6b2e34da-fdb2-11ef-8eab-846993801060":{"name":"MooMoo_frontLegIK_L","cmpt_tag":"two_bone_ik_01","guides_data":[{"name":"MooMoo_frontLegIK_L_start","world_matrix":[4.440892098500586e-16,-0.9968371666518957,0.07947114684841684,0,-4.99600361081321e-16,0.07947114684841758,0.9968371666519058,0,-1.0000000000000038,-4.996003610813223e-16,-4.440892098500643e-16,0,1.7658650337616684,3.4332655989192182,4.246920627834177,1]},{"name":"MooMoo_frontLegIK_L_mid","world_matrix":[4.6962766365859215e-16,-0.9996302344236658,0.027191808068411892,0,-4.75673842695196e-16,0.027191808068414577,0.9996302344237282,0,-0.9999999999999987,-4.996003610813198e-16,-4.44089209850062e-16,0,1.765865033761669,1.8438260603682723,4.373635990383427,1]},{"name":"MooMoo_frontLegIK_L_end","world_matrix":[-4.661002282374446e-16,0.0070144350979214724,0.9999753985474747,0,-4.791308008621922e-16,0.9999753985475559,-0.007014435097918534,0,-0.9999999999999974,-4.996003610813192e-16,-4.440892098500615e-16,0,1.7658650337616697,0.6521589217543013,4.406051560660077,1]}],"settings":{"inputs":[{"name":"componentPosition","index":0,"type":"doubleMatrix"},{"name":"start_wMtx","index":1,"type":"doubleMatrix"},{"name":"endPos_offsetMtx","index":2,"type":"doubleMatrix"}],"outputs":[{"name":"startOutputMatrix","index":0,"type":"doubleMatrix"},{"name":"midOutputMatrix","index":1,"type":"doubleMatrix"},{"name":"endOutputMatrix","index":2,"type":"doubleMatrix"}],"joints":false,"root_control":true,"neutralise_end_rotation":true,"pole_vector_distance":5,"min_length_percentage":0.1,"pop_removal_percentage":0.000001}},"fcd39e15-fdb2-11ef-bdd3-846993801060":{"name":"MooMoo_frontLegIK_R","cmpt_tag":"two_bone_ik_01","guides_data":[{"name":"MooMoo_frontLegIK_R_start","world_matrix":[-4.4408920985005857e-16,-0.9968371666518956,0.07947114684841688,0,4.440892098500631e-16,0.0794711468484178,0.9968371666519058,0,1.0000000000000033,-4.440892098500642e-16,-4.440892098500642e-16,0,-1.7658650337616684,3.4332655989192182,4.246920627834177,1]},{"name":"MooMoo_frontLegIK_R_mid","world_matrix":[-4.667224344767518e-16,-0.9996302344236532,0.02719180806841158,0,4.2025591553793593e-16,0.027228535743161426,0.9996292353624372,0,1.0000000000000009,-4.440892098500631e-16,-4.440892098500631e-16,0,-1.765865033761669,1.8438260603682726,4.373635990383427,1]},{"name":"MooMoo_frontLegIK_R_end","world_matrix":[4.107522109159829e-16,0.007051155294077894,0.9999743996895853,0,4.750923553665261e-16,0.9999748828598432,-0.007051059529452355,0,1.0000009986928344,-4.440896533587744e-16,-4.440896533587744e-16,0,-1.7658650337616697,0.6521589217543016,4.406051560660077,1]}],"settings":{"inputs":[{"name":"componentPosition","index":0,"type":"doubleMatrix"},{"name":"start_wMtx","index":1,"type":"doubleMatrix"},{"name":"endPos_offsetMtx","index":2,"type":"doubleMatrix"}],"outputs":[{"name":"startOutputMatrix","index":0,"type":"doubleMatrix"},{"name":"midOutputMatrix","index":1,"type":"doubleMatrix"},{"name":"endOutputMatrix","index":2,"type":"doubleMatrix"}],"joints":false,"root_control":true,"neutralise_end_rotation":true,"pole_vector_distance":5,"min_length_percentage":0.1,"pop_removal_percentage":0.000001}},"3e5a0124-fdcb-11ef-bd04-846993801060":{"name":"MooMoo_shoulder_L","cmpt_tag":"single_point_01","guides_data":[{"name":"MooMoo_shoulder_L_point","world_matrix":[4.4408920985005813e-16,-0.998022821918107,0.06285258093823888,0,-5.551115123125782e-16,0.06285258093823964,0.9980228219181171,0,-1.0000000000000013,-3.3306690738754736e-16,-4.440892098500633e-16,0,1.7442155217337252,5.838824165122103,4.081118760167662,1]}],"settings":{"inputs":[{"name":"componentPosition","index":0,"type":"doubleMatrix"}],"outputs":[{"name":"outputWorldMatrix","index":0,"type":"doubleMatrix"}],"joints":false,"create_control":true,"movable_pivot":true}},"769ec963-fdcb-11ef-a90b-846993801060":{"name":"MooMoo_shoulder_R","cmpt_tag":"single_point_01","guides_data":[{"name":"MooMoo_shoulder_R_point","world_matrix":[-4.4408920985005813e-16,-0.9980228219181071,0.062852580938239,0,7.771561172376096e-16,0.06285258093823964,0.9980228219181172,0,1.0000000000000018,-5.551115123125793e-16,-7.77156117237611e-16,0,-1.7442155217337252,5.838824165122103,4.081118760167662,1]}],"settings":{"inputs":[{"name":"componentPosition","index":0,"type":"doubleMatrix"}],"outputs":[{"name":"outputWorldMatrix","index":0,"type":"doubleMatrix"}],"joints":false,"create_control":true,"movable_pivot":true}},"bea48865-fdce-11ef-86e2-846993801060":{"name":"MooMoo_scapula_L","cmpt_tag":"single_point_01","guides_data":[{"name":"MooMoo_scapula_L_point","world_matrix":[0,0.9799634345975172,-0.19917747576425773,0,0,0.19917747576425943,0.9799634345975261,0,1.0000000000000007,0,0,0,1.6490082393417158,6.774884360223299,4.088677275660817,1]}],"settings":{"inputs":[{"name":"componentPosition","index":0,"type":"doubleMatrix"}],"outputs":[{"name":"outputWorldMatrix","index":0,"type":"doubleMatrix"}],"joints":true,"create_control":true,"movable_pivot":false}},"04fd2ae1-fdcf-11ef-9b3e-846993801060":{"name":"MooMoo_scapula_R","cmpt_tag":"single_point_01","guides_data":[{"name":"MooMoo_scapula_R_point","world_matrix"