{"61cde978-e9ed-11ef-9cd2-0242ac120002":{"name":"MooMoo_head_M","cmpt_tag":"single_point_01","guides_data":[{"name":"MooMoo_head_M_point","world_matrix":[0,0,0.9999999999999947,0,0,1,0,0,-1.000000000000005,0,0,0,1.404367074020481e-15,8.293865655985735,5.667414332006976,1]}],"settings":{"inputs":[{"name":"componentPosition","index":0,"type":"doubleMatrix"}],"outputs":[{"name":"outputWorldMatrix","index":0,"type":"doubleMatrix"}],"joints":true,"create_control":true,"movable_pivot":false}},"6bdbf43c-e9ed-11ef-9cd2-0242ac120002":{"name":"MooMoo_backLegIK_R","cmpt_tag":"quadruped_back_leg_01","guides_data":[{"name":"MooMoo_backLegIK_R_femur","world_matrix":[0,-0.9875768254323198,0.15713692713369726,0,0,-0.15713692713369729,-0.9875768254323198,0,1,0,0,0,-1.72763438930029,7.0451035909494255,-1.4531406198324919,1]},{"name":"MooMoo_backLegIK_R_knee","world_matrix":[0,-0.5225805622372164,-0.8525899107846834,0,0,0.8525899107846834,-0.5225805622372164,0,1,0,0,0,-1.72763438930029,3.8989170519418286,-0.9525394795489134,1]},{"name":"MooMoo_backLegIK_R_heel","world_matrix":[0,-0.956081530467392,0.29310084800138186,0,0,-0.29310084800138186,-0.956081530467392,0,1,0,0,0,-1.72763438930029,2.6351279175762805,-3.0144107835762246,1]},{"name":"MooMoo_backLegIK_R_ankle","world_matrix":[0,-0.956081530467392,0.29310084800138186,0,0,-0.29310084800138186,-0.956081530467392,0,1,0,0,0,-1.72763438930029,0.7513756346131044,-2.4369188292121122,1]}],"settings":{"inputs":[{"name":"componentPosition","index":0,"type":"doubleMatrix"},{"name":"start_wMtx","index":1,"type":"doubleMatrix"},{"name":"endPos_offsetMtx","index":2,"type":"doubleMatrix"}],"outputs":[{"name":"hipOutputMatrix","index":0,"type":"doubleMatrix"},{"name":"kneeOutputMatrix","index":1,"type":"doubleMatrix"},{"name":"heelOutputMatrix","index":2,"type":"doubleMatrix"},{"name":"ankleOutputMatrix","index":3,"type":"doubleMatrix"}],"joints":false,"pole_vector_distance":6.5,"orient_ankle_to_world":true}},"6f117adc-e9ed-11ef-9cd2-0242ac120002":{"name":"MooMoo_spineIK_M","cmpt_tag":"quadruped_spine_01","guides_data":[{"name":"MooMoo_spineIK_M_back","world_matrix":[0,-0.14052682065455901,0.9900768721047378,0,0,0.9900768721047477,0.1405268206545604,0,-1.000000000000005,0,0,0,0,6.946937288889975,-1.1786724373278168,1]},{"name":"MooMoo_spineIK_M_mid","world_matrix":[0,-0.1405268206545597,0.9900768721047428,0,0,0.9900768721047477,0.1405268206545604,0,-1,0,0,0,0,6.517903488125751,1.844070420649679,1]},{"name":"MooMoo_spineIK_M_chest","world_matrix":[0,-0.14052682065455901,0.9900768721047378,0,0,0.9900768721047477,0.1405268206545604,0,-1.000000000000005,0,0,0,0,6.068035036467463,5.0136030935002776,1]}],"settings":{"inputs":[{"name":"componentPosition","index":0,"type":"doubleMatrix"}],"outputs":[{"name":"outputMatrix001","index":0,"type":"doubleMatrix"},{"name":"outputMatrix002","index":1,"type":"doubleMatrix"},{"name":"outputMatrix003","index":2,"type":"doubleMatrix"},{"name":"outputMatrix004","index":3,"type":"doubleMatrix"},{"name":"outputMatrix005","index":4,"type":"doubleMatrix"}],"joints":false,"n_points":5}},"714efa72-e9ed-11ef-9cd2-0242ac120002":{"name":"MooMoo_tailFK_M","cmpt_tag":"fk_tail_01","guides_data":[{"name":"MooMoo_tailFK_M_FK001","world_matrix":[0,-0.6743023875837234,-0.7384553406258838,0,0,0.7384553406258837,-0.6743023875837233,0,1,0,0,0,0,7.36825387615636,-3.25246812155579,1]},{"name":"MooMoo_tailFK_M_FK002","world_matrix":[0,-0.6743023875837234,-0.7384553406258838,0,0,0.7384553406258837,-0.6743023875837233,0,1,0,0,0,0,7.224761564111009,-3.40961225469218,1]},{"name":"MooMoo_tailFK_M_FK003","world_matrix":[0,-0.6743023875837234,-0.7384553406258838,0,0,0.7384553406258837,-0.6743023875837233,0,1,0,0,0,0,7.075021760578273,-3.573598264024352,1]},{"name":"MooMoo_tailFK_M_FK004","world_matrix":[0,-0.6743023875837234,-0.7384553406258838,0,0,0.7384553406258837,-0.6743023875837233,0,1,0,0,0,0,6.918962065652138,-3.7445054375664633,1]},{"name":"MooMoo_tailFK_M_FK005","world_matrix":[0,-0.6743023875837234,-0.7384553406258838,0,0,0.7384553406258837,-0.6743023875837233,0,1,0,0,0,0,6.758114972340069,-3.9206554813266323,1]},{"name":"MooMoo_tailFK_M_FK006","world_matrix":[0,-0.6743023875837234,-0.7384553406258838,0,0,0.7384553406258837,-0.6743023875837233,0,1,0,0,0,0,6.591871090366439,-4.102715762812078,1]},{"name":"MooMoo_tailFK_M_FK007","world_matrix":[0,-0.6743023875837234,-0.7384553406258838,0,0,0.7384553406258837,-0.6743023875837233,0,1,0,0,0,0,6.42564474537614,-4.284756838850182,1]},{"name":"MooMoo_tailFK_M_FK008","world_matrix":[0,-0.6743023875837234,-0.7384553406258838,0,0,0.7384553406258837,-0.6743023875837233,0,1,0,0,0,0,6.259418417551427,-4.466797896089575,1]},{"name":"MooMoo_tailFK_M_FK009","world_matrix":[0,-0.6743023875837234,-0.7384553406258838,0,0,0.7384553406258837,-0.6743023875837233,0,1,0,0,0,0,6.087583680093687,-4.654980945589661,1]},{"name":"MooMoo_tailFK_M_FK010","world_matrix":[0,-0.6743023875837234,-0.7384553406258838,0,0,0.7384553406258837,-0.6743023875837233,0,1,0,0,0,0,5.910143563792298,-4.849302668212637,1]},{"name":"MooMoo_tailFK_M_FK011","world_matrix":[0,-0.6743023875837234,-0.7384553406258838,0,0,0.7384553406258837,-0.6743023875837233,0,1,0,0,0,0,5.732701831372567,-5.043626160710995,1]},{"name":"MooMoo_tailFK_M_FK012","world_matrix":[0,-0.6743023875837234,-0.7384553406258838,0,0,0.7384553406258837,-0.6743023875837233,0,1,0,0,0,0,5.55526147929267,-5.237948141544374,1]},{"name":"MooMoo_tailFK_M_FK013","world_matrix":[0,-0.6743023875837234,-0.7384553406258838,0,0,0.7384553406258837,-0.6743023875837233,0,1,0,0,0,0,5.37782018409875,-5.432271155219365,1]},{"name":"MooMoo_tailFK_M_FK014","world_matrix":[0,-0.6743023875837234,-0.7384553406258838,0,0,0.7384553406258837,-0.6743023875837233,0,1,0,0,0,0,5.200076373583232,-5.626925465444627,1]},{"name":"MooMoo_tailFK_M_FK015","world_matrix":[0,-0.6743023875837234,-0.7384553406258838,0,0,0.7384553406258837,-0.6743023875837233,0,1,0,0,0,0,5.022939261326026,-5.8209153562977995,1]},{"name":"MooMoo_tailFK_M_FK016","world_matrix":[0,-0.6743023875837234,-0.7384553406258838,0,0,0.7384553406258837,-0.6743023875837233,0,1,0,0,0,0,4.846865867003848,-6.013740327369402,1]},{"name":"MooMoo_tailFK_M_FK017","world_matrix":[0,-0.6743023875837234,-0.7384553406258838,0,0,0.7384553406258837,-0.6743023875837233,0,1,0,0,0,0,4.710028791068673,-6.163596046970293,1]},{"name":"MooMoo_tailFK_M_FK018","world_matrix":[0,-0.6743023875837234,-0.7384553406258838,0,0,0.7384553406258837,-0.6743023875837233,0,1,0,0,0,0,4.573191715133497,-6.3134517665711805,1]}],"settings":{"inputs":[{"name":"componentPosition","index":0,"type":"doubleMatrix"}],"outputs":[{"name":"outputMatrix001","index":0,"type":"doubleMatrix"},{"name":"outputMatrix002","index":1,"type":"doubleMatrix"},{"name":"outputMatrix003","index":2,"type":"doubleMatrix"},{"name":"outputMatrix004","index":3,"type":"doubleMatrix"},{"name":"outputMatrix005","index":4,"type":"doubleMatrix"},{"name":"outputMatrix006","index":5,"type":"doubleMatrix"},{"name":"outputMatrix007","index":6,"type":"doubleMatrix"},{"name":"outputMatrix008","index":7,"type":"doubleMatrix"},{"name":"outputMatrix009","index":8,"type":"doubleMatrix"},{"name":"outputMatrix010","index":9,"type":"doubleMatrix"},{"name":"outputMatrix011","index":10,"type":"doubleMatrix"},{"name":"outputMatrix012","index":11,"type":"doubleMatrix"},{"name":"outputMatrix013","index":12,"type":"doubleMatrix"},{"name":"outputMatrix014","index":13,"type":"doubleMatrix"},{"name":"outputMatrix015","index":14,"type":"doubleMatrix"},{"name":"outputMatrix016","index":15,"type":"doubleMatrix"},{"name":"outputMatrix017","index":16,"type":"doubleMatrix"},{"name":"outputMatrix018","index":17,"type":"doubleMatrix"}],"joints":true,"n_points":18,"masters_positions":[0,8]}},"75de4b10-e9ed-11ef-9cd2-0242ac120002":{"name":"MooMoo_global_M","cmpt_tag":"global_01","guides_data":[{"name":"MooMoo_global_M_root","world_matrix":[1.0000000000000002,0,0,0,0,1,0,0,0,0,1.0000000000000002,0,0,0,0,1]}],"settings":{"inputs":[{"name":"componentPosition","index":0,"type":"doubleMatrix"}],"outputs":[{"name":"globalOutput","index":0,"type":"doubleMatrix"}],"n_offsets":1}},"786a7020-e9ed-11ef-9cd2-0242ac120002":{"name":"MooMoo_backLegIK_L","cmpt_tag":"quadruped_back_leg_01","guides_data":[{"name":"MooMoo_backLegIK_L_femur","world_matrix":[0,-0.98757682543232,0.15713692713369729,0,0,-0.1571369271336973,-0.98757682543232,0,1,0,0,0,1.72763438930029,7.0451035909494255,-1.4531406198324919,1]},{"name":"MooMoo_backLegIK_L_knee","world_matrix":[0,-0.5225805622372165,-0.8525899107846835,0,0,0.8525899107846835,-0.5225805622372164,0,1,0,0,0,1.72763438930029,3.8989170519418286,-0.9525394795489133,1]},{"name":"MooMoo_backLegIK_L_heel","world_matrix":[0,-0.9560815304673922,0.2931008480013817,0,0,-0.2931008480013818,-0.9560815304673921,0,1,0,0,0,1.72763438930029,2.6351279175762805,-3.014410783576225,1]},{"name":"MooMoo_backLegIK_L_ankle","world_matrix":[0,-0.9560815304673922,0.2931008480013817,0,0,-0.2931008480013818,-0.9560815304673921,0,1,0,0,0,1.72763438930029,0.751375634613104,-2.4369188292121127,1]}],"settings":{"inputs":[{"name":"componentPosition","index":0,"type":"doubleMatrix"},{"name":"start_wMtx","index":1,"type":"doubleMatrix"},{"name":"endPos_offsetMtx","index":2,"type":"doubleMatrix"}],"outputs":[{"name":"hipOutputMatrix","index":0,"type":"doubleMatrix"},{"name":"kneeOutputMatrix","index":1,"type":"doubleMatrix"},{"name":"heelOutputMatrix","index":2,"type":"doubleMatrix"},{"name":"ankleOutputMatrix","index":3,"type":"doubleMatrix"}],"joints":false,"pole_vector_distance":6.5,"orient_ankle_to_world":true}},"7cc1eaae-e9ed-11ef-9cd2-0242ac120002":{"name":"MooMoo_pelvis_M","cmpt_tag":"single_point_01","guides_data":[{"name":"MooMoo_pelvis_M_point","world_matrix":[0,-0.9999999999999999,0,0,0,0,-1,0,1,0,0,0,1.531693447805701e-17,7.293604164519341,-2.060709221130076,1]}],"settings":{"inputs":[{"name":"componentPosition","index":0,"type":"doubleMatrix"}],"outputs":[{"name":"outputWorldMatrix","index":0,"type":"doubleMatrix"}],"joints":false,"create_control":false,"movable_pivot":false}},"6101b67f-e9f0-11ef-b6c5-846993801060":{"name":"MooMoo_spineFK_M","cmpt_tag":"fk_chain_01","guides_data":[{"name":"MooMoo_spineFK_M_FK001","world_matrix":[0,-0.140526820654559,0.9900768721047379,0,0,0.9900768721047476,0.14052682065456037,0,-1.000000000000005,0,0,0,0,6.946937288889975,-1.1786724373278168,1]},{"name":"MooMoo_spineFK_M_FK002","world_matrix":[0,-0.14052682065456,0.9900768721047449,0,0,0.9900768721047507,0.14052682065456082,0,-1.0000000000000058,0,0,0,0,6.718879011341389,0.4281090852458236,1]},{"name":"MooMoo_spineFK_M_FK003","world_matrix":[0,-0.14052682065455846,0.9900768721047343,0,0,0.9900768721047477,0.1405268206545604,0,-1.0000000000000084,0,0,0,0,6.517903488125751,1.844070420649679,1]},{"name":"MooMoo_spineFK_M_FK004","world_matrix":[0,-0.14052682065455863,0.9900768721047354,0,0,0.9900768721047499,0.1405268206545607,0,-1.000000000000009,0,0,0,0,6.266990316294318,3.6119086191766576,1]},{"name":"MooMoo_spineFK_M_FK005","world_matrix":[0,-0.14052682065455596,0.9900768721047166,0,0,0.990076872104748,0.14052682065456043,0,-1.0000000000000264,0,0,0,0,6.068035036467463,5.0136030935002776,1]}],"settings":{"inputs":[{"name":"componentPosition","index":0,"type":"doubleMatrix"}],"outputs":[{"name":"outputMatrix001","index":0,"type":"doubleMatrix"},{"name":"outputMatrix002","index":1,"type":"doubleMatrix"},{"name":"outputMatrix003","index":2,"type":"doubleMatrix"},{"name":"outputMatrix004","index":3,"type":"doubleMatrix"},{"name":"outputMatrix005","index":4,"type":"doubleMatrix"}],"joints":false,"n_points":5}},"c8dc513b-e9f0-11ef-8f2c-846993801060":{"name":"MooMoo_spineBlend_M","cmpt_tag":"components_blend_01","guides_data":{},"settings":{"inputs":[{"name":"cmpt01_wMtx001","index":0,"type":"doubleMatrix"},{"name":"cmpt01_wMtx002","index":1,"type":"doubleMatrix"},{"name":"cmpt01_wMtx003","index":2,"type":"doubleMatrix"},{"name":"cmpt01_wMtx004","index":3,"type":"doubleMatrix"},{"name":"cmpt01_wMtx005","index":4,"type":"doubleMatrix"},{"name":"cmpt02_wMtx001","index":5,"type":"doubleMatrix"},{"name":"cmpt02_wMtx002","index":6,"type":"doubleMatrix"},{"name":"cmpt02_wMtx003","index":7,"type":"doubleMatrix"},{"name":"cmpt02_wMtx004","index":8,"type":"doubleMatrix"},{"name":"cmpt02_wMtx005","index":9,"type":"doubleMatrix"}],"outputs":[{"name":"outputBlendMatrix001","index":0,"type":"doubleMatrix"},{"name":"outputBlendMatrix002","index":1,"type":"doubleMatrix"},{"name":"outputBlendMatrix003","index":2,"type":"doubleMatrix"},{"name":"outputBlendMatrix004","index":3,"type":"doubleMatrix"},{"name":"outputBlendMatrix005","index":4,"type":"doubleMatrix"}],"joints":true,"blend_attr_name":"spineBlend","n_points":5}},"0a38c559-e9f1-11ef-b4ee-846993801060":{"name":"MooMoo_backLegFK_L","cmpt_tag":"fk_chain_01","guides_data":[{"name":"MooMoo_backLegFK_L_FK001","world_matrix":[0,-0.98757682543232,0.15713692713369729,0,0,-0.1571369271336973,-0.98757682543232,0,1,0,0,0,1.72763438930029,7.0451035909494255,-1.4531406198324919,1]},{"name":"MooMoo_backLegFK_L_FK002","world_matrix":[0,-0.5225805622372164,-0.8525899107846834,0,0,0.8525899107846834,-0.5225805622372164,0,1,0,0,0,1.72763438930029,3.8989170519418286,-0.9525394795489133,1]},{"name":"MooMoo_backLegFK_L_FK003","world_matrix":[0,-0.9560815304673917,0.2931008480013819,0,0,-0.29310084800138186,-0.956081530467392,0,1.0000000000000002,0,0,0,1.7276343893002901,2.6351279175762805,-3.014410783576224,1]},{"name":"MooMoo_backLegFK_L_FK004","world_matrix":[0,1.1102230246251565e-16,0.9999999999999992,0,1.2246467991473537e-16,0.9999999999999999,0,0,-1.0000000000000002,1.2246467991473527e-16,-6.162975822039155e-33,0,1.7276343893002903,0.7513756346131037,-2.436918829212112,1]}],"settings":{"inputs":[{"name":"componentPosition","index":0,"type":"doubleMatrix"}],"outputs":[{"name":"outputMatrix001","index":0,"type":"doubleMatrix"},{"name":"outputMatrix002","index":1,"type":"doubleMatrix"},{"name":"outputMatrix003","index":2,"type":"doubleMatrix"},{"name":"outputMatrix004","index":3,"type":"doubleMatrix"}],"joints":false,"n_points":4}},"0a38ec47-e9f1-11ef-a747-846993801060":{"name":"MooMoo_backLegBlend_L","cmpt_tag":"components_blend_01","guides_data":{},"settings":{"inputs":[{"name":"cmpt01_wMtx001","index":0,"type":"doubleMatrix"},{"name":"cmpt01_wMtx002","index":1,"type":"doubleMatrix"},{"name":"cmpt01_wMtx003","index":2,"type":"doubleMatrix"},{"name":"cmpt01_wMtx004","index":3,"type":"doubleMatrix"},{"name":"cmpt02_wMtx001","index":4,"type":"doubleMatrix"},{"name":"cmpt02_wMtx002","index":5,"type":"doubleMatrix"},{"name":"cmpt02_wMtx003","index":6,"type":"doubleMatrix"},{"name":"cmpt02_wMtx004","index":7,"type":"doubleMatrix"}],"outputs":[{"name":"outputBlendMatrix001","index":0,"type":"doubleMatrix"},{"name":"outputBlendMatrix002","index":1,"type":"doubleMatrix"},{"name":"outputBlendMatrix003","index":2,"type":"doubleMatrix"},{"name":"outputBlendMatrix004","index":3,"type":"doubleMatrix"}],"joints":true,"blend_attr_name":"FK_IK_blend","n_points":4}},"4abd2f27-e9f1-11ef-a405-846993801060":{"name":"MooMoo_backLegFK_R","cmpt_tag":"fk_chain_01","guides_data":[{"name":"MooMoo_backLegFK_R_FK001","world_matrix":[0,-0.9875768254323198,0.15713692713369726,0,0,-0.15713692713369729,-0.9875768254323198,0,1,0,0,0,-1.72763438930029,7.0451035909494255,-1.4531406198324919,1]},{"name":"MooMoo_backLegFK_R_FK002","world_matrix":[0,-0.5225805622372163,-0.8525899107846832,0,0,0.8525899107846832,-0.5225805622372162,0,1,0,0,0,-1.72763438930029,3.8989170519418286,-0.9525394795489134,1]},{"name":"MooMoo_backLegFK_R_FK003","world_matrix":[0,-0.9560815304673914,0.29310084800138164,0,0,-0.2931008480013818,-0.9560815304673916,0,1.0000000000000004,0,0,0,-1.7276343893002895,2.635127917576281,-3.0144107835762237,1]},{"name":"MooMoo_backLegFK_R_FK004","world_matrix":[0,2.220446049250313e-16,0.999999999999998,0,1.2246467991473542e-16,0.9999999999999998,1.1102230246251565e-16,0,-1.0000000000000009,1.224646799147353e-16,1.8488927466117464e-32,0,-1.7276343893002895,0.7513756346131049,-2.4369188292121113,1]}],"settings":{"inputs":[{"name":"componentPosition","index":0,"type":"doubleMatrix"}],"outputs":[{"name":"outputMatrix001","index":0,"type":"doubleMatrix"},{"name":"outputMatrix002","index":1,"type":"doubleMatrix"},{"name":"outputMatrix003","index":2,"type":"doubleMatrix"},{"name":"outputMatrix004","index":3,"type":"doubleMatrix"}],"joints":false,"n_points":4}},"4abd2f28-e9f1-11ef-9796-846993801060":{"name":"MooMoo_backLegBlend_R","cmpt_tag":"components_blend_01","guides_data":{},"settings":{"inputs":[{"name":"cmpt01_wMtx001","index":0,"type":"doubleMatrix"},{"name":"cmpt01_wMtx002","index":1,"type":"doubleMatrix"},{"name":"cmpt01_wMtx003","index":2,"type":"doubleMatrix"},{"name":"cmpt01_wMtx004","index":3,"type":"doubleMatrix"},{"name":"cmpt02_wMtx001","index":4,"type":"doubleMatrix"},{"name":"cmpt02_wMtx002","index":5,"type":"doubleMatrix"},{"name":"cmpt02_wMtx003","index":6,"type":"doubleMatrix"},{"name":"cmpt02_wMtx004","index":7,"type":"doubleMatrix"}],"outputs":[{"name":"outputBlendMatrix001","index":0,"type":"doubleMatrix"},{"name":"outputBlendMatrix002","index":1,"type":"doubleMatrix"},{"name":"outputBlendMatrix003","index":2,"type":"doubleMatrix"},{"name":"outputBlendMatrix004","index":3,"type":"doubleMatrix"}],"joints":true,"blend_attr_name":"FK_IK_blend","n_points":4}},"76f55749-e9f1-11ef-8ecb-846993801060":{"name":"MooMoo_frontLegFK_R","cmpt_tag":"fk_chain_01","guides_data":[{"name":"MooMoo_frontLegFK_R_FK001","world_matrix":[-4.440892098500586e-16,-0.9980228219181082,0.06285258093823907,0,7.771561172376105e-16,0.06285258093823971,0.9980228219181183,0,1.000000000000004,-5.551115123125804e-16,-7.771561172376127e-16,0,-1.731313816113053,3.5217355614043866,4.2616906153182255,1]},{"name":"MooMoo_frontLegFK_R_FK002","world_matrix":[-4.841538095677523e-16,-0.9999445162522217,0.010533964923111164,0,7.528492183340294e-16,0.010533964923113363,0.9999445162523299,0,1.0000000000000042,-5.551115123125805e-16,-7.771561172376129e-16,0,-1.7313138161130532,2.0496057701687427,4.3544010772667825,1]},{"name":"MooMoo_frontLegFK_R_FK003","world_matrix":[7.477073881904387e-16,4.9509008004378074e-15,0.9999999999999062,0,4.920574341583637e-16,1.00000000000019,-1.6115581091824538e-15,0,0.9999999999999055,-5.551115123125257e-16,-7.771561172375362e-16,0,-1.7313138161130546,0.7708396652351426,4.367872301995051,1]}],"settings":{"inputs":[{"name":"componentPosition","index":0,"type":"doubleMatrix"}],"outputs":[{"name":"outputMatrix001","index":0,"type":"doubleMatrix"},{"name":"outputMatrix002","index":1,"type":"doubleMatrix"},{"name":"outputMatrix003","index":2,"type":"doubleMatrix"}],"joints":false,"n_points":3}},"76f5574a-e9f1-11ef-bf46-846993801060":{"name":"MooMoo_frontLegBlend_R","cmpt_tag":"components_blend_01","guides_data":{},"settings":{"inputs":[{"name":"cmpt01_wMtx001","index":0,"type":"doubleMatrix"},{"name":"cmpt01_wMtx002","index":1,"type":"doubleMatrix"},{"name":"cmpt01_wMtx003","index":2,"type":"doubleMatrix"},{"name":"cmpt02_wMtx001","index":3,"type":"doubleMatrix"},{"name":"cmpt02_wMtx002","index":4,"type":"doubleMatrix"},{"name":"cmpt02_wMtx003","index":5,"type":"doubleMatrix"}],"outputs":[{"name":"outputBlendMatrix001","index":0,"type":"doubleMatrix"},{"name":"outputBlendMatrix002","index":1,"type":"doubleMatrix"},{"name":"outputBlendMatrix003","index":2,"type":"doubleMatrix"}],"joints":true,"blend_attr_name":"FK_IK_blend","n_points":3}},"a87ce2f7-e9f1-11ef-8dda-846993801060":{"name":"MooMoo_frontLegFK_L","cmpt_tag":"fk_chain_01","guides_data":[{"name":"MooMoo_frontLegFK_L_FK001","world_matrix":[4.440892098500586e-16,-0.9980228219181081,0.06285258093823895,0,-5.551115123125788e-16,0.06285258093823971,0.9980228219181182,0,-1.0000000000000036,-3.330669073875481e-16,-4.440892098500643e-16,0,1.731313816113053,3.5217355614043866,4.2616906153182255,1]},{"name":"MooMoo_frontLegFK_L_FK002","world_matrix":[4.725328928404207e-16,-0.9999445162522347,0.010533964923111185,0,-5.311089178229648e-16,0.010533964923113273,0.9999445162523198,0,-1.0000000000000013,-3.330669073875474e-16,-4.440892098500633e-16,0,1.7313138161130532,2.0496057701687427,4.354401077266783,1]},{"name":"MooMoo_frontLegFK_L_FK003","world_matrix":[-5.261018049915048e-16,4.727121472036799e-15,0.9999999999999419,0,-4.781013576553709e-16,1.0000000000001052,-1.7416623698807143e-15,0,-0.9999999999999553,-3.3306690738753207e-16,-4.4408920985004285e-16,0,1.7313138161130543,0.7708396652351419,4.367872301995051,1]}],"settings":{"inputs":[{"name":"componentPosition","index":0,"type":"doubleMatrix"}],"outputs":[{"name":"outputMatrix001","index":0,"type":"doubleMatrix"},{"name":"outputMatrix002","index":1,"type":"doubleMatrix"},{"name":"outputMatrix003","index":2,"type":"doubleMatrix"}],"joints":false,"n_points":3}},"a87ce2f8-e9f1-11ef-9b54-846993801060":{"name":"MooMoo_frontLegBlend_L","cmpt_tag":"components_blend_01","guides_data":{},"settings":{"inputs":[{"name":"cmpt01_wMtx001","index":0,"type":"doubleMatrix"},{"name":"cmpt01_wMtx002","index":1,"type":"doubleMatrix"},{"name":"cmpt01_wMtx003","index":2,"type":"doubleMatrix"},{"name":"cmpt02_wMtx001","index":3,"type":"doubleMatrix"},{"name":"cmpt02_wMtx002","index":4,"type":"doubleMatrix"},{"name":"cmpt02_wMtx003","index":5,"type":"doubleMatrix"}],"outputs":[{"name":"outputBlendMatrix001","index":0,"type":"doubleMatrix"},{"name":"outputBlendMatrix002","index":1,"type":"doubleMatrix"},{"name":"outputBlendMatrix003","index":2,"type":"doubleMatrix"}],"joints":true,"blend_attr_name":"FK_IK_blend","n_points":3}},"857e97db-ee48-11ef-9ad2-c85ea9f620a6":{"name":"MooMoo_nail_M","cmpt_tag":"single_point_01","guides_data":[{"name":"MooMoo_nail_M_point","world_matrix":[0,-0.6672347686941379,-0.7448474766324179,0,0,0.7448474766324179,-0.6672347686941379,0,1,0,0,0,0,7.54150357947178,-2.950936013606672,1]}],"settings":{"inputs":[{"name":"componentPosition","index":0,"type":"doubleMatrix"}],"outputs":[{"name":"outputWorldMatrix","index":0,"type":"doubleMatrix"}],"joints":true,"create_control":true,"movable_pivot":false}},"67490758-ef91-11ef-a6ff-a86e8487d4d6":{"name":"MooMoo_uddersMaster_M","cmpt_tag":"single_point_01","guides_data":[{"name":"MooMoo_uddersMaster_M_point","world_matrix":[6.661338147750939e-16,-0.9968477959087849,-0.07933770725069962,0,8.326672684688676e-16,-0.07933770725069977,0.9968477959087849,0,-1.000000000000008,-8.326672684688741e-16,6.661338147750991e-16,0,2.255342890625138e-16,3.427113015327887,-0.6258093433531389,1]}],"settings":{"inputs":[{"name":"componentPosition","index":0,"type":"doubleMatrix"}],"outputs":[{"name":"outputWorldMatrix","index":0,"type":"doubleMatrix"}],"joints":true,"create_control":true,"movable_pivot":false}},"82cbf01d-ef9b-11ef-a87b-a86e8487d4d6":{"name":"MooMoo_teat_LF","cmpt_tag":"fk_chain_01","guides_data":[{"name":"MooMoo_teat_LF_FK001","world_matrix":[0.3571850680824821,-0.8259017391338919,0.4362397786017743,0,0.3214852816549428,0.5472196332732944,0.772785796090665,0,-0.8769641046349357,-0.13578287909693815,0.46097393519155905,0,0.6065861027528758,2.5636277263878116,0.17072941262435828,1]},{"name":"MooMoo_teat_LF_FK002","world_matrix":[0.35718506808248235,-0.8259017391338924,0.4362397786017746,0,0.32148528165494283,0.5472196332732945,0.7727857960906652,0,-0.8769641046349365,-0.13578287909693826,0.46097393519155944,0,0.7047005792942367,2.3367623726798636,0.2905592749246242,1]},{"name":"MooMoo_teat_LF_FK003","world_matrix":[0.35718506808248207,-0.8259017391338918,0.43623977860177426,0,0.32148528165494267,0.5472196332732943,0.7727857960906649,0,-0.876964104634936,-0.1357828790969382,0.4609739351915592,0,0.7840438788822371,2.1533007025990525,0.3874633914141876,1]}],"settings":{"inputs":[{"name":"componentPosition","index":0,"type":"doubleMatrix"}],"outputs":[{"name":"outputMatrix001","index":0,"type":"doubleMatrix"},{"name":"outputMatrix002","index":1,"type":"doubleMatrix"},{"name":"outputMatrix003","index":2,"type":"doubleMatrix"}],"joints":true,"n_points":3}},"10c8cd55-ef9c-11ef-a995-a86e8487d4d6":{"name":"MooMoo_teat_LBa","cmpt_tag":"fk_chain_01","guides_data":[{"name":"MooMoo_teat_LBa_FK001","world_matrix":[0.3221602944121165,-0.855555536468923,-0.40526222217431374,0,0.5500626487368532,0.5175770781613389,-0.6553968649807285,0,0.7704828532607934,-0.011776764383216553,0.637351928412998,0,0.5490725167921662,2.488457654790188,-1.3904499824486094,1]},{"name":"MooMoo_teat_LBa_FK002","world_matrix":[0.3221602944121185,-0.8555555364689283,-0.40526222217431623,0,0.5500626487368553,0.5175770781613409,-0.6553968649807309,0,0.7704828532607962,-0.011776764383216598,0.6373519284130005,0,0.6426595657412112,2.2399201433123768,-1.5081780081602667,1]},{"name":"MooMoo_teat_LBa_FK003","world_matrix":[0.3221602944121178,-0.8555555364689265,-0.40526222217431535,0,0.550062648736854,0.5175770781613397,-0.6553968649807294,0,0.770482853260795,-0.011776764383216579,0.6373519284129995,0,0.7205815386492381,2.0329841040475367,-1.6062001184098875,1]}],"settings":{"inputs":[{"name":"componentPosition","index":0,"type":"doubleMatrix"}],"outputs":[{"name":"outputMatrix001","index":0,"type":"doubleMatrix"},{"name":"outputMatrix002","index":1,"type":"doubleMatrix"},{"name":"outputMatrix003","index":2,"type":"doubleMatrix"}],"joints":true,"n_points":3}},"5d7b15d8-ef9c-11ef-9cfd-a86e8487d4d6":{"name":"MooMoo_teat_RBa","cmpt_tag":"fk_chain_01","guides_data":[{"name":"MooMoo_teat_RBa_FK001","world_matrix":[-0.32216029441211663,-0.855555536468923,-0.40526222217431385,0,-0.5500626487368531,0.517577078161339,-0.6553968649807287,0,-0.7704828532607936,-0.01177676438321639,0.6373519284129978,0,-0.5490725167921662,2.488457654790188,-1.3904499824486094,1]},{"name":"MooMoo_teat_RBa_FK002","world_matrix":[-0.32216029441211746,-0.8555555364689253,-0.4052622221743149,0,-0.5500626487368567,0.5175770781613425,-0.655396864980733,0,-0.7704828532607967,-0.011776764383216436,0.6373519284130004,0,-0.6426595657412117,2.239920143312377,-1.508178008160267,1]},{"name":"MooMoo_teat_RBa_FK003","world_matrix":[-0.32216029441211613,-0.8555555364689217,-0.4052622221743132,0,-0.5500626487368568,0.5175770781613426,-0.6553968649807331,0,-0.7704828532607949,-0.011776764383216409,0.6373519284129989,0,-0.720581538649238,2.0329841040475363,-1.606200118409887,1]}],"settings":{"inputs":[{"name":"componentPosition","index":0,"type":"doubleMatrix"}],"outputs":[{"name":"outputMatrix001","index":0,"type":"doubleMatrix"},{"name":"outputMatrix002","index":1,"type":"doubleMatrix"},{"name":"outputMatrix003","index":2,"type":"doubleMatrix"}],"joints":true,"n_points":3}},"99953ee3-ef9c-11ef-8e83-a86e8487d4d6":{"name":"MooMoo_teat_RF","cmpt_tag":"fk_chain_01","guides_data":[{"name":"MooMoo_teat_RF_FK001","world_matrix":[-0.3571850680824825,-0.8259017391338918,0.43623977860177426,0,-0.3214852816549425,0.5472196332732943,0.7727857960906652,0,0.8769641046349357,-0.13578287909693856,0.46097393519155905,0,-0.6065861027528758,2.5636277263878116,0.17072941262435828,1]},{"name":"MooMoo_teat_RF_FK002","world_matrix":[-0.35718506808248274,-0.8259017391338923,0.43623977860177454,0,-0.32148528165494256,0.5472196332732944,0.7727857960906654,0,0.8769641046349365,-0.13578287909693867,0.46097393519155944,0,-0.704700579294237,2.3367623726798636,0.290559274924624,1]},{"name":"MooMoo_teat_RF_FK003","world_matrix":[-0.3571850680824824,-0.8259017391338915,0.43623977860177415,0,-0.32148528165494233,0.547219633273294,0.7727857960906649,0,0.8769641046349365,-0.13578287909693867,0.46097393519155944,0,-0.7840438788822375,2.1533007025990525,0.38746339141418784,1]}],"settings":{"inputs":[{"name":"componentPosition","index":0,"type":"doubleMatrix"}],"outputs":[{"name":"outputMatrix001","index":0,"type":"doubleMatrix"},{"name":"outputMatrix002","index":1,"type":"doubleMatrix"},{"name":"outputMatrix003","index":2,"type":"doubleMatrix"}],"joints":true,"n_points":3}},"024189f4-f450-11ef-9a2f-846993801060":{"name":"MooMoo_backFootIK_L","cmpt_tag":"foot_roll_01","guides_data":[{"name":"MooMoo_backFootIK_L_heel","world_matrix":[0,0,1,0,0,1,0,0,-1,0,0,0,1.719285826881748,0,-2.9681317669637055,1]},{"name":"MooMoo_backFootIK_L_tip","world_matrix":[0,0,1,0,0,1,0,0,-1,0,0,0,1.719285826881748,0,-1.683279498868117,1]},{"name":"MooMoo_backFootIK_L_phalanges","world_matrix":[0,0,1,0,0,1,0,0,-1,0,0,0,1.719285826881748,0,-2.07507643032055,1]},{"name":"MooMoo_backFootIK_L_ankle","world_matrix":[0,0,1,0,0,1,0,0,-1,0,0,0,1.719285826881748,0.7513756346131037,-2.436918829212112,1]},{"name":"MooMoo_backFootIK_L_posBank","world_matrix":[0,0,1,0,0,1,0,0,-1,0,0,0,1.2098532763352603,0,-2.1058897133333176,1]},{"name":"MooMoo_backFootIK_L_negBank","world_matrix":[0,0,1,0,0,1,0,0,-1,0,0,0,2.2420983421317957,0,-2.1058897133333168,1]}],"settings":{"inputs":[{"name":"componentPosition","index":0,"type":"doubleMatrix"},{"name":"footRoll","index":1,"type":"double"},{"name":"bendStartAngle","index":2,"type":"angle"},{"name":"bank","index":3,"type":"double"},{"name":"heelTwist","index":4,"type":"double"},{"name":"tipTwist","index":5,"type":"double"}],"outputs":[{"name":"ankleOutputMatrix","index":0,"type":"doubleMatrix"},{"name":"phalanxOutputMatrix","index":1,"type":"doubleMatrix"},{"name":"ankleOffsetMatrix","index":2,"type":"doubleMatrix"}],"joints":false,"tweaks":true,"phalanges":false}},"23668a77-f452-11ef-89cb-846993801060":{"name":"MooMoo_backFootIK_R","cmpt_tag":"foot_roll_01","guides_data":[{"name":"MooMoo_backFootIK_R_heel","world_matrix":[0,0,1,0,0,1,0,0,-1,0,0,0,-1.719285826881748,0,-2.9681317669637055,1]},{"name":"MooMoo_backFootIK_R_tip","world_matrix":[0,0,1,0,0,1,0,0,-1,0,0,0,-1.719285826881748,0,-1.683279498868117,1]},{"name":"MooMoo_backFootIK_R_phalanges","world_matrix":[0,0,1,0,0,1,0,0,-1,0,0,0,-1.719285826881748,0,-2.07507643032055,1]},{"name":"MooMoo_backFootIK_R_ankle","world_matrix":[0,0,1,0,0,1,0,0,-1,0,0,0,-1.719285826881748,0.7513756346131037,-2.436918829212112,1]},{"name":"MooMoo_backFootIK_R_posBank","world_matrix":[0,0,1,0,0,1,0,0,-1,0,0,0,-2.2287183774282355,0,-2.1058897133333176,1]},{"name":"MooMoo_backFootIK_R_negBank","world_matrix":[0,0,1,0,0,1,0,0,-1,0,0,0,-1.1964733116317001,0,-2.1058897133333168,1]}],"settings":{"inputs":[{"name":"componentPosition","index":0,"type":"doubleMatrix"},{"name":"footRoll","index":1,"type":"double"},{"name":"bendStartAngle","index":2,"type":"angle"},{"name":"bank","index":3,"type":"double"},{"name":"heelTwist","index":4,"type":"double"},{"name":"tipTwist","index":5,"type":"double"}],"outputs":[{"name":"ankleOutputMatrix","index":0,"type":"doubleMatrix"},{"name":"phalanxOutputMatrix","index":1,"type":"doubleMatrix"},{"name":"ankleOffsetMatrix","index":2,"type":"doubleMatrix"}],"joints":false,"tweaks":true,"phalanges":false}},"5cba4627-f485-11ef-8f0b-c85ea9f620a6":{"name":"MooMoo_neck_M","cmpt_tag":"fk_chain_01","guides_data":[{"name":"MooMoo_neck_M_FK001","world_matrix":[0,0.9594640240075761,0.2818311314159056,0,0,0.28183113141590826,-0.9594640240075856,0,-1.000000000000005,0,0,0,0,6.068035036467463,5.0136030935002776,1]},{"name":"MooMoo_neck_M_FK002","world_matrix":[0,0.9594640240075815,0.28183113141590715,0,0,0.2818311314159082,-0.9594640240075853,0,-1.000000000000005,0,0,0,5.58038858178292e-16,7.019595302996834,5.293112590277712,1]}],"settings":{"inputs":[{"name":"componentPosition","index":0,"type":"doubleMatrix"}],"outputs":[{"name":"outputMatrix001","index":0,"type":"doubleMatrix"},{"name":"outputMatrix002","index":1,"type":"doubleMatrix"}],"joints":false,"n_points":2}},"6f95c104-f8e7-11ef-a70b-846993801060":{"name":"MooMoo_frontFootIK_L","cmpt_tag":"foot_roll_01","guides_data":[{"name":"MooMoo_frontFootIK_L_heel","world_matrix":[0,0,1,0,0,1,0,0,-1,0,0,0,1.7173198498015514,0,3.9152149048642433,1]},{"name":"MooMoo_frontFootIK_L_tip","world_matrix":[0,0,1,0,0,1,0,0,-1,0,0,0,1.7173198498015514,0,5.045394191631804,1]},{"name":"MooMoo_frontFootIK_L_phalanges","world_matrix":[0,0,1,0,0,1,0,0,-1,0,0,0,1.7173198498015514,0,4.603212485987718,1]},{"name":"MooMoo_frontFootIK_L_ankle","world_matrix":[0,0,1,0,0,1,0,0,-1,0,0,0,1.7173198498015514,0.7708396652351417,4.367872301995052,1]},{"name":"MooMoo_frontFootIK_L_posBank","world_matrix":[0,0,1,0,0,1,0,0,-1,0,0,0,1.237319849801551,0,4.605615815756735,1]},{"name":"MooMoo_frontFootIK_L_negBank","world_matrix":[0,0,1,0,0,1,0,0,-1,0,0,0,2.197753135927208,0,4.605615815756735,1]}],"settings":{"inputs":[{"name":"componentPosition","index":0,"type":"doubleMatrix"},{"name":"footRoll","index":1,"type":"double"},{"name":"bendStartAngle","index":2,"type":"angle"},{"name":"bank","index":3,"type":"double"},{"name":"heelTwist","index":4,"type":"double"},{"name":"tipTwist","index":5,"type":"double"}],"outputs":[{"name":"ankleOutputMatrix","index":0,"type":"doubleMatrix"},{"name":"phalanxOutputMatrix","index":1,"type":"doubleMatrix"},{"name":"ankleOffsetMatrix","index":2,"type":"doubleMatrix"}],"joints":false,"tweaks":true,"phalanges":false}},"e9344d6e-f8e7-11ef-bcca-846993801060":{"name":"MooMoo_frontFootIK_R","cmpt_tag":"foot_roll_01","guides_data":[{"name":"MooMoo_frontFootIK_R_heel","world_matrix":[0,0,1,0,0,1,0,0,-1,0,0,0,-1.7173198498015514,0,3.9152149048642433,1]},{"name":"MooMoo_frontFootIK_R_tip","world_matrix":[0,0,1,0,0,1,0,0,-1,0,0,0,-1.7173198498015514,0,5.045394191631804,1]},{"name":"MooMoo_frontFootIK_R_phalanges","world_matrix":[0,0,1,0,0,1,0,0,-1,0,0,0,-1.7173198498015514,0,4.603212485987718,1]},{"name":"MooMoo_frontFootIK_R_ankle","world_matrix":[0,0,1,0,0,1,0,0,-1,0,0,0,-1.7173198498015514,0.7708396652351417,4.367872301995052,1]},{"name":"MooMoo_frontFootIK_R_posBank","world_matrix":[0,0,1,0,0,1,0,0,-1,0,0,0,-2.197319849801552,0,4.605615815756735,1]},{"name":"MooMoo_frontFootIK_R_negBank","world_matrix":[0,0,1,0,0,1,0,0,-1,0,0,0,-1.236886563675895,0,4.605615815756735,1]}],"settings":{"inputs":[{"name":"componentPosition","index":0,"type":"doubleMatrix"},{"name":"footRoll","index":1,"type":"double"},{"name":"bendStartAngle","index":2,"type":"angle"},{"name":"bank","index":3,"type":"double"},{"name":"heelTwist","index":4,"type":"double"},{"name":"tipTwist","index":5,"type":"double"}],"outputs":[{"name":"ankleOutputMatrix","index":0,"type":"doubleMatrix"},{"name":"phalanxOutputMatrix","index":1,"type":"doubleMatrix"},{"name":"ankleOffsetMatrix","index":2,"type":"doubleMatrix"}],"joints":false,"tweaks":true,"phalanges":false}},"6b2e34da-fdb2-11ef-8eab-846993801060":{"name":"MooMoo_frontLegIK_L","cmpt_tag":"two_bone_ik_01","guides_data":[{"name":"MooMoo_frontLegIK_L_start","world_matrix":[3.3306690738754395e-16,-0.9980228219181083,0.06285258093823892,0,-4.996003610813211e-16,0.06285258093823949,0.9980228219181184,0,-1.000000000000004,-4.996003610813224e-16,-6.661338147750965e-16,0,1.731313816113053,3.5217355614043866,4.2616906153182255,1]},{"name":"MooMoo_frontLegIK_L_mid","world_matrix":[3.587575134030718e-16,-0.9999445162522476,0.010533964923111303,0,-4.814843010588654e-16,0.010533964923112961,0.99994451625231,0,-0.9999999999999989,-4.996003610813199e-16,-6.66133814775093e-16,0,1.7313138161130535,2.0496057701687427,4.354401077266783,1]},{"name":"MooMoo_frontLegIK_L_end","world_matrix":[-4.776784474432485e-16,4.277828091758806e-15,0.999999999999962,0,-3.638095469301119e-16,1.000000000000043,-1.961972251329769e-15,0,-0.9999999999999977,-4.996003610813193e-16,-6.661338147750922e-16,0,1.731313816113054,0.7708396652351417,4.367872301995052,1]}],"settings":{"inputs":[{"name":"componentPosition","index":0,"type":"doubleMatrix"},{"name":"start_wMtx","index":1,"type":"doubleMatrix"},{"name":"endPos_offsetMtx","index":2,"type":"doubleMatrix"}],"outputs":[{"name":"startOutputMatrix","index":0,"type":"doubleMatrix"},{"name":"midOutputMatrix","index":1,"type":"doubleMatrix"},{"name":"endOutputMatrix","index":2,"type":"doubleMatrix"}],"joints":false,"root_control":true,"neutralise_end_rotation":true,"pole_vector_distance":5,"min_length_percentage":0.1,"pop_removal_percentage":0.000001}},"fcd39e15-fdb2-11ef-bdd3-846993801060":{"name":"MooMoo_frontLegIK_R","cmpt_tag":"two_bone_ik_01","guides_data":[{"name":"MooMoo_frontLegIK_R_start","world_matrix":[-4.440892098500585e-16,-0.9980228219181079,0.06285258093823894,0,3.3306690738754716e-16,0.0628525809382397,0.998022821918118,0,1.0000000000000033,-5.551115123125801e-16,-4.440892098500642e-16,0,-1.731313816113053,3.5217355614043866,4.2616906153182255,1]},{"name":"MooMoo_frontLegIK_R_mid","world_matrix":[-4.609119761130827e-16,-0.9999445162522345,0.010533964923111185,0,3.093855517988436e-16,0.010570704144970154,0.9999441292211714,0,1.000000000000001,-5.55111512312579e-16,-4.440892098500632e-16,0,-1.7313138161130537,2.049605770168743,4.354401077266783,1]},{"name":"MooMoo_frontLegIK_R_end","world_matrix":[3.045131553398912e-16,0.00003673718343188796,0.9999996129902674,0,4.641341310033779e-16,0.999999998654925,-0.000036616298940425965,0,1.0000003870097791,-5.551117271461621e-16,-4.440893817169297e-16,0,-1.7313138161130543,0.7708396652351421,4.367872301995052,1]}],"settings":{"inputs":[{"name":"componentPosition","index":0,"type":"doubleMatrix"},{"name":"start_wMtx","index":1,"type":"doubleMatrix"},{"name":"endPos_offsetMtx","index":2,"type":"doubleMatrix"}],"outputs":[{"name":"startOutputMatrix","index":0,"type":"doubleMatrix"},{"name":"midOutputMatrix","index":1,"type":"doubleMatrix"},{"name":"endOutputMatrix","index":2,"type":"doubleMatrix"}],"joints":false,"root_control":true,"neutralise_end_rotation":true,"pole_vector_distance":5,"min_length_percentage":0.1,"pop_removal_percentage":0.000001}},"3e5a0124-fdcb-11ef-bd04-846993801060":{"name":"MooMoo_shoulder_L","cmpt_tag":"single_point_01","guides_data":[{"name":"MooMoo_shoulder_L_point","world_matrix":[4.4408920985005813e-16,-0.998022821918107,0.06285258093823888,0,-5.551115123125782e-16,0.06285258093823964,0.9980228219181171,0,-1.0000000000000013,-3.3306690738754736e-16,-4.440892098500633e-16,0,1.7332775207425177,5.408550188863497,4.144045728936131,1]}],"settings":{"inputs":[{"name":"componentPosition","index":0,"type":"doubleMatrix"}],"outputs":[{"name":"outputWorldMatrix","index":0,"type":"doubleMatrix"}],"joints":false,"create_control":true,"movable_pivot":true}},"769ec963-fdcb-11ef-a90b-846993801060":{"name":"MooMoo_shoulder_R","cmpt_tag":"single_point_01","guides_data":[{"name":"MooMoo_shoulder_R_point","world_matrix":[-4.4408920985005813e-16,-0.9980228219181071,0.062852580938239,0,7.771561172376096e-16,0.06285258093823964,0.9980228219181172,0,1.0000000000000018,-5.551115123125793e-16,-7.77156117237611e-16,0,-1.7332775207425177,5.408550188863497,4.144045728936131,1]}],"settings":{"inputs":[{"name":"componentPosition","index":0,"type":"doubleMatrix"}],"outputs":[{"name":"outputWorldMatrix","index":0,"type":"doubleMatrix"}],"joints":false,"create_control":true,"movable_pivot":true}},"bea48865-fdce-11ef-86e2-846993801060":{"name":"MooMoo_scapula_L","cmpt_tag":"single_point_01","guides_data":[{"name":"MooMoo_scapula_L_point","world_matrix":[0,0.9799634345975172,-0.19917747576425773,0,0,0.19917747576425943,0.9799634345975261,0,1.0000000000000007,0,0,0,1.8117916936811043,6.538158165585862,4.08708831722223,1]}],"settings":{"inputs":[{"name":"componentPosition","index":0,"type":"doubleMatrix"}],"outputs":[{"name":"outputWorldMatrix","index":0,"type":"doubleMatrix"}],"joints":true,"create_control":true,"movable_pivot":false}},"04fd2ae1-fdcf-11ef-9b3e-846993801060":{"name":"MooMoo_scapula_R","cmpt_tag":"single_point_01","guides_data":[{"name":"MooMoo_scapula_R_point","world_matrix":[0,0.9799634345975172,-0.19917747576425773,0,0,0.19917747576425943,0.9799634345975261,0,-1.0000000000000007,0,0,0,-1.8117916936811043,6.538158165585862,4.08708831722223,1]}],"settings":{"inputs":[{"name":"componentPosition","index":0,"type":"doubleMatrix"}],"outputs":[{"name":"outputWorldMatrix","index":0,"type":"doubleMatrix"}],"joints":true,"create_control":true,"movable_pivot":false}},"dd134361-ff35-11ef-a300-846993801060":{"name":"MooMoo_frontLeg_topTwist_L","cmpt_tag":"twist_joints_01","guides_dat