{"61cde978-e9ed-11ef-9cd2-0242ac120002":{"name":"MooMoo_head_M","cmpt_tag":"single_point_01","guides_data":[{"name":"MooMoo_head_M_point","world_matrix":[0,0,0.999999999999999,0,0,1,0,0,-1.0000000000000049,0,0,0,-0.00039239047446027934,8.405010799515878,5.274719749153192,1]}],"settings":{"inputs":[{"name":"componentPosition","index":0,"type":"doubleMatrix"}],"outputs":[{"name":"outputWorldMatrix","index":0,"type":"doubleMatrix"}],"joints":true,"create_control":true,"movable_pivot":false}},"6bdbf43c-e9ed-11ef-9cd2-0242ac120002":{"name":"MooMoo_backLegIK_R","cmpt_tag":"quadruped_back_leg_01","guides_data":[{"name":"MooMoo_backLegIK_R_femur","world_matrix":[0,-0.9942216268928366,0.10734689850462142,0,0,-0.10734689850462154,-0.9942216268928366,0,1,0,0,0,-1.5791167642528303,6.32581936895955,-2.208123058739191,1]},{"name":"MooMoo_backLegIK_R_knee","world_matrix":[0,-0.6796225465498675,-0.7335619907145363,0,0,0.7335619907145363,-0.6796225465498674,0,1,0,0,0,-1.5791167642528303,3.758806081078309,-1.9309605957424933,1]},{"name":"MooMoo_backLegIK_R_heel","world_matrix":[0,-0.9726892117835158,0.23211138981093382,0,0,-0.23211138981093393,-0.9726892117835156,0,1,0,0,0,-1.5791167642528303,2.192971994758433,-3.621069870840246,1]},{"name":"MooMoo_backLegIK_R_ankle","world_matrix":[0,-0.9726892117835158,0.23211138981093382,0,0,-0.23211138981093393,-0.9726892117835156,0,1,0,0,0,-1.5791167642528303,0.5794193856665562,-3.236030195173802,1]}],"settings":{"inputs":[{"name":"componentPosition","index":0,"type":"doubleMatrix"},{"name":"start_wMtx","index":1,"type":"doubleMatrix"},{"name":"endPos_offsetMtx","index":2,"type":"doubleMatrix"}],"outputs":[{"name":"hipOutputMatrix","index":0,"type":"doubleMatrix"},{"name":"kneeOutputMatrix","index":1,"type":"doubleMatrix"},{"name":"heelOutputMatrix","index":2,"type":"doubleMatrix"},{"name":"ankleOutputMatrix","index":3,"type":"doubleMatrix"}],"joints":false,"pole_vector_distance":6.5,"orient_ankle_to_world":true}},"6f117adc-e9ed-11ef-9cd2-0242ac120002":{"name":"MooMoo_spineIK_M","cmpt_tag":"quadruped_spine_01","guides_data":[{"name":"MooMoo_spineIK_M_back","world_matrix":[0,-0.09062898636564787,0.9958847256737626,0,0,0.995884725673778,0.09062898636564926,0,-1.0000000000000098,0,0,0,0,6.252231785825977,-1.9088686316290056,1]},{"name":"MooMoo_spineIK_M_mid","world_matrix":[0,-0.09062898636564877,0.9958847256737725,0,0,0.9958847256737775,0.09062898636564921,0,-1,0,0,0,0,6.004790360578272,0.8101176954092524,1]},{"name":"MooMoo_spineIK_M_chest","world_matrix":[1.6940658945085979e-21,0.020767381449234262,0.9997843346780994,0,-0.00014652929193667647,0.9997843239450049,-0.02076738122628681,0,-0.9999999892645881,-0.00014649769064976453,0.0000030430296991350405,0,0,5.692610550606096,3.641511123185181,1]}],"settings":{"inputs":[{"name":"componentPosition","index":0,"type":"doubleMatrix"}],"outputs":[{"name":"outputMatrix001","index":0,"type":"doubleMatrix"},{"name":"outputMatrix002","index":1,"type":"doubleMatrix"},{"name":"outputMatrix003","index":2,"type":"doubleMatrix"},{"name":"outputMatrix004","index":3,"type":"doubleMatrix"},{"name":"outputMatrix005","index":4,"type":"doubleMatrix"}],"joints":false,"n_points":5}},"714efa72-e9ed-11ef-9cd2-0242ac120002":{"name":"MooMoo_tailFK_M","cmpt_tag":"fk_tail_01","guides_data":[{"name":"MooMoo_tailFK_M_FK001","world_matrix":[0,-0.6743023875837234,-0.7384553406258838,0,0,0.7384553406258837,-0.6743023875837233,0,1,0,0,0,0,7.433738293375985,-3.3122636114811477,1]},{"name":"MooMoo_tailFK_M_FK002","world_matrix":[0,-0.6743023875837234,-0.7384553406258838,0,0,0.7384553406258837,-0.6743023875837233,0,1,0,0,0,0,7.254481749968498,-3.5085745756106563,1]},{"name":"MooMoo_tailFK_M_FK003","world_matrix":[0,-0.6743023875837234,-0.7384553406258838,0,0,0.7384553406258837,-0.6743023875837233,0,1,0,0,0,0,7.068977715073627,-3.7117274159359472,1]},{"name":"MooMoo_tailFK_M_FK004","world_matrix":[0,-0.6743023875837234,-0.7384553406258838,0,0,0.7384553406258837,-0.6743023875837233,0,1,0,0,0,0,6.877153788785358,-3.921801420471177,1]},{"name":"MooMoo_tailFK_M_FK005","world_matrix":[0,-0.6743023875837234,-0.7384553406258838,0,0,0.7384553406258837,-0.6743023875837233,0,1,0,0,0,0,6.680542464111156,-4.137118295224465,1]},{"name":"MooMoo_tailFK_M_FK006","world_matrix":[0,-0.6743023875837234,-0.7384553406258838,0,0,0.7384553406258837,-0.6743023875837233,0,1,0,0,0,0,6.47853435077539,-4.3583454077030295,1]},{"name":"MooMoo_tailFK_M_FK007","world_matrix":[0,-0.6743023875837234,-0.7384553406258838,0,0,0.7384553406258837,-0.6743023875837233,0,1,0,0,0,0,6.276543774422956,-4.579553314734252,1]},{"name":"MooMoo_tailFK_M_FK008","world_matrix":[0,-0.6743023875837234,-0.7384553406258838,0,0,0.7384553406258837,-0.6743023875837233,0,1,0,0,0,0,6.07455321523611,-4.800761202966763,1]},{"name":"MooMoo_tailFK_M_FK009","world_matrix":[0,-0.6743023875837234,-0.7384553406258838,0,0,0.7384553406258837,-0.6743023875837233,0,1,0,0,0,0,5.866954246416235,-5.028111083459969,1]},{"name":"MooMoo_tailFK_M_FK010","world_matrix":[0,-0.6743023875837234,-0.7384553406258838,0,0,0.7384553406258837,-0.6743023875837233,0,1,0,0,0,0,5.653749898752711,-5.2615996370760625,1]},{"name":"MooMoo_tailFK_M_FK011","world_matrix":[0,-0.6743023875837234,-0.7384553406258838,0,0,0.7384553406258837,-0.6743023875837233,0,1,0,0,0,0,5.440543934970845,-5.495089960567539,1]},{"name":"MooMoo_tailFK_M_FK012","world_matrix":[0,-0.6743023875837234,-0.7384553406258838,0,0,0.7384553406258837,-0.6743023875837233,0,1,0,0,0,0,5.227339351528812,-5.7285787723940365,1]},{"name":"MooMoo_tailFK_M_FK013","world_matrix":[0,-0.6743023875837234,-0.7384553406258838,0,0,0.7384553406258837,-0.6743023875837233,0,1,0,0,0,0,5.014133824972758,-5.962068617062147,1]},{"name":"MooMoo_tailFK_M_FK014","world_matrix":[0,-0.6743023875837234,-0.7384553406258838,0,0,0.7384553406258837,-0.6743023875837233,0,1,0,0,0,0,4.800625783095105,-6.195889758280527,1]},{"name":"MooMoo_tailFK_M_FK015","world_matrix":[0,-0.6743023875837234,-0.7384553406258838,0,0,0.7384553406258837,-0.6743023875837233,0,1,0,0,0,0,4.587724439475764,-6.429046480126818,1]},{"name":"MooMoo_tailFK_M_FK016","world_matrix":[0,-0.6743023875837234,-0.7384553406258838,0,0,0.7384553406258837,-0.6743023875837233,0,1,0,0,0,0,4.375886813791451,-6.661038282191539,1]},{"name":"MooMoo_tailFK_M_FK017","world_matrix":[0,-0.6743023875837234,-0.7384553406258838,0,0,0.7384553406258837,-0.6743023875837233,0,1,0,0,0,0,4.203285506494142,-6.850060832785548,1]},{"name":"MooMoo_tailFK_M_FK018","world_matrix":[0,-0.6743023875837234,-0.7384553406258838,0,0,0.7384553406258837,-0.6743023875837233,0,1,0,0,0,0,4.030684199196831,-7.0390833833795545,1]}],"settings":{"inputs":[{"name":"componentPosition","index":0,"type":"doubleMatrix"}],"outputs":[{"name":"outputMatrix001","index":0,"type":"doubleMatrix"},{"name":"outputMatrix002","index":1,"type":"doubleMatrix"},{"name":"outputMatrix003","index":2,"type":"doubleMatrix"},{"name":"outputMatrix004","index":3,"type":"doubleMatrix"},{"name":"outputMatrix005","index":4,"type":"doubleMatrix"},{"name":"outputMatrix006","index":5,"type":"doubleMatrix"},{"name":"outputMatrix007","index":6,"type":"doubleMatrix"},{"name":"outputMatrix008","index":7,"type":"doubleMatrix"},{"name":"outputMatrix009","index":8,"type":"doubleMatrix"},{"name":"outputMatrix010","index":9,"type":"doubleMatrix"},{"name":"outputMatrix011","index":10,"type":"doubleMatrix"},{"name":"outputMatrix012","index":11,"type":"doubleMatrix"},{"name":"outputMatrix013","index":12,"type":"doubleMatrix"},{"name":"outputMatrix014","index":13,"type":"doubleMatrix"},{"name":"outputMatrix015","index":14,"type":"doubleMatrix"},{"name":"outputMatrix016","index":15,"type":"doubleMatrix"},{"name":"outputMatrix017","index":16,"type":"doubleMatrix"},{"name":"outputMatrix018","index":17,"type":"doubleMatrix"}],"joints":true,"n_points":18,"masters_positions":[0,8]}},"75de4b10-e9ed-11ef-9cd2-0242ac120002":{"name":"MooMoo_global_M","cmpt_tag":"global_01","guides_data":[{"name":"MooMoo_global_M_root","world_matrix":[1.0000000000000002,0,0,0,0,1,0,0,0,0,1.0000000000000002,0,0,0,0,1]}],"settings":{"inputs":[{"name":"componentPosition","index":0,"type":"doubleMatrix"}],"outputs":[{"name":"globalOutput","index":0,"type":"doubleMatrix"}],"n_offsets":1}},"786a7020-e9ed-11ef-9cd2-0242ac120002":{"name":"MooMoo_backLegIK_L","cmpt_tag":"quadruped_back_leg_01","guides_data":[{"name":"MooMoo_backLegIK_L_femur","world_matrix":[0,-0.9942216268928366,0.10734689850462142,0,0,-0.10734689850462154,-0.9942216268928366,0,1,0,0,0,1.5791167642528303,6.32581936895955,-2.208123058739191,1]},{"name":"MooMoo_backLegIK_L_knee","world_matrix":[0,-0.6796225465498675,-0.7335619907145363,0,0,0.7335619907145363,-0.6796225465498674,0,1,0,0,0,1.5791167642528303,3.7588060810783097,-1.9309605957424936,1]},{"name":"MooMoo_backLegIK_L_heel","world_matrix":[0,-0.9726892117835158,0.23211138981093382,0,0,-0.23211138981093393,-0.9726892117835156,0,1,0,0,0,1.5791167642528303,2.192971994758433,-3.6210698708402473,1]},{"name":"MooMoo_backLegIK_L_ankle","world_matrix":[0,-0.9726892117835158,0.23211138981093382,0,0,-0.23211138981093393,-0.9726892117835156,0,1,0,0,0,1.5791167642528303,0.5794193856665557,-3.2360301951738033,1]}],"settings":{"inputs":[{"name":"componentPosition","index":0,"type":"doubleMatrix"},{"name":"start_wMtx","index":1,"type":"doubleMatrix"},{"name":"endPos_offsetMtx","index":2,"type":"doubleMatrix"}],"outputs":[{"name":"hipOutputMatrix","index":0,"type":"doubleMatrix"},{"name":"kneeOutputMatrix","index":1,"type":"doubleMatrix"},{"name":"heelOutputMatrix","index":2,"type":"doubleMatrix"},{"name":"ankleOutputMatrix","index":3,"type":"doubleMatrix"}],"joints":false,"pole_vector_distance":6.5,"orient_ankle_to_world":true}},"7cc1eaae-e9ed-11ef-9cd2-0242ac120002":{"name":"MooMoo_pelvis_M","cmpt_tag":"single_point_01","guides_data":[{"name":"MooMoo_pelvis_M_point","world_matrix":[0,-0.9999999999999999,0,0,0,0,-1,0,1,0,0,0,1.531693447805701e-17,6.9474841053868355,-2.6585529596316753,1]}],"settings":{"inputs":[{"name":"componentPosition","index":0,"type":"doubleMatrix"}],"outputs":[{"name":"outputWorldMatrix","index":0,"type":"doubleMatrix"}],"joints":false,"create_control":false,"movable_pivot":false}},"6101b67f-e9f0-11ef-b6c5-846993801060":{"name":"MooMoo_spineFK_M","cmpt_tag":"fk_chain_01","guides_data":[{"name":"MooMoo_spineFK_M_FK001","world_matrix":[0,-0.09062898636564831,0.9958847256737675,0,0,0.9958847256737777,0.09062898636564923,0,-1.0000000000000047,0,0,0,0,6.252231785825976,-1.9088686316290047,1]},{"name":"MooMoo_spineFK_M_FK002","world_matrix":[0,-0.09062898636564892,0.9958847256737742,0,0,0.9958847256737806,0.09062898636564949,0,-1.000000000000005,0,0,0,0,6.127786880210797,-0.5413872283733074,1]},{"name":"MooMoo_spineFK_M_FK003","world_matrix":[0,-0.09062898636564802,0.9958847256737643,0,0,0.9958847256737771,0.09062898636564917,0,-1.0000000000000087,0,0,0,0,6.004790360578273,0.8101176954092528,1]},{"name":"MooMoo_spineFK_M_FK004","world_matrix":[0,-0.09062898636564812,0.9958847256737654,0,0,0.9958847256737791,0.09062898636564935,0,-1.0000000000000093,0,0,0,0,5.865480377943468,2.3409969707666036,1]},{"name":"MooMoo_spineFK_M_FK005","world_matrix":[1.6940658945085907e-21,0.020767381449234776,0.9997843346780788,0,-0.00014652929193667772,0.9997843239450045,-0.020767381226285797,0,-0.9999999892646094,-0.00014649769064976667,0.000003043029699134937,0,0,5.692610550606094,3.641511123185181,1]}],"settings":{"inputs":[{"name":"componentPosition","index":0,"type":"doubleMatrix"}],"outputs":[{"name":"outputMatrix001","index":0,"type":"doubleMatrix"},{"name":"outputMatrix002","index":1,"type":"doubleMatrix"},{"name":"outputMatrix003","index":2,"type":"doubleMatrix"},{"name":"outputMatrix004","index":3,"type":"doubleMatrix"},{"name":"outputMatrix005","index":4,"type":"doubleMatrix"}],"joints":false,"n_points":5}},"c8dc513b-e9f0-11ef-8f2c-846993801060":{"name":"MooMoo_spineBlend_M","cmpt_tag":"components_blend_01","guides_data":{},"settings":{"inputs":[{"name":"cmpt01_wMtx001","index":0,"type":"doubleMatrix"},{"name":"cmpt01_wMtx002","index":1,"type":"doubleMatrix"},{"name":"cmpt01_wMtx003","index":2,"type":"doubleMatrix"},{"name":"cmpt01_wMtx004","index":3,"type":"doubleMatrix"},{"name":"cmpt01_wMtx005","index":4,"type":"doubleMatrix"},{"name":"cmpt02_wMtx001","index":5,"type":"doubleMatrix"},{"name":"cmpt02_wMtx002","index":6,"type":"doubleMatrix"},{"name":"cmpt02_wMtx003","index":7,"type":"doubleMatrix"},{"name":"cmpt02_wMtx004","index":8,"type":"doubleMatrix"},{"name":"cmpt02_wMtx005","index":9,"type":"doubleMatrix"}],"outputs":[{"name":"outputBlendMatrix001","index":0,"type":"doubleMatrix"},{"name":"outputBlendMatrix002","index":1,"type":"doubleMatrix"},{"name":"outputBlendMatrix003","index":2,"type":"doubleMatrix"},{"name":"outputBlendMatrix004","index":3,"type":"doubleMatrix"},{"name":"outputBlendMatrix005","index":4,"type":"doubleMatrix"}],"joints":true,"blend_attr_name":"spineBlend","n_points":5}},"0a38c559-e9f1-11ef-b4ee-846993801060":{"name":"MooMoo_backLegFK_L","cmpt_tag":"fk_chain_01","guides_data":[{"name":"MooMoo_backLegFK_L_FK001","world_matrix":[0,-0.9942216268928366,0.10734689850462142,0,0,-0.10734689850462154,-0.9942216268928366,0,1,0,0,0,1.5791167642528303,6.32581936895955,-2.208123058739191,1]},{"name":"MooMoo_backLegFK_L_FK002","world_matrix":[0,-0.6796225465498675,-0.7335619907145363,0,0,0.7335619907145361,-0.6796225465498672,0,0.9999999999999999,0,0,0,1.5791167642528312,3.75880608107831,-1.930960595742494,1]},{"name":"MooMoo_backLegFK_L_FK003","world_matrix":[0,-0.9726892117835156,0.2321113898109337,0,0,-0.23211138981093404,-0.9726892117835158,0,0.9999999999999999,0,0,0,1.5791167642528297,2.192971994758431,-3.621069870840246,1]},{"name":"MooMoo_backLegFK_L_FK004","world_matrix":[0,3.3306690738754696e-16,1.0000000000000009,0,1.2246467991473532e-16,1.0000000000000004,2.7755575615628914e-17,0,-0.9999999999999994,1.2246467991473527e-16,3.0814879110195774e-33,0,1.5846604454956519,0.5794193856665564,-3.2360301951738024,1]}],"settings":{"inputs":[{"name":"componentPosition","index":0,"type":"doubleMatrix"}],"outputs":[{"name":"outputMatrix001","index":0,"type":"doubleMatrix"},{"name":"outputMatrix002","index":1,"type":"doubleMatrix"},{"name":"outputMatrix003","index":2,"type":"doubleMatrix"},{"name":"outputMatrix004","index":3,"type":"doubleMatrix"}],"joints":false,"n_points":4}},"0a38ec47-e9f1-11ef-a747-846993801060":{"name":"MooMoo_backLegBlend_L","cmpt_tag":"components_blend_01","guides_data":{},"settings":{"inputs":[{"name":"cmpt01_wMtx001","index":0,"type":"doubleMatrix"},{"name":"cmpt01_wMtx002","index":1,"type":"doubleMatrix"},{"name":"cmpt01_wMtx003","index":2,"type":"doubleMatrix"},{"name":"cmpt01_wMtx004","index":3,"type":"doubleMatrix"},{"name":"cmpt02_wMtx001","index":4,"type":"doubleMatrix"},{"name":"cmpt02_wMtx002","index":5,"type":"doubleMatrix"},{"name":"cmpt02_wMtx003","index":6,"type":"doubleMatrix"},{"name":"cmpt02_wMtx004","index":7,"type":"doubleMatrix"}],"outputs":[{"name":"outputBlendMatrix001","index":0,"type":"doubleMatrix"},{"name":"outputBlendMatrix002","index":1,"type":"doubleMatrix"},{"name":"outputBlendMatrix003","index":2,"type":"doubleMatrix"},{"name":"outputBlendMatrix004","index":3,"type":"doubleMatrix"}],"joints":true,"blend_attr_name":"FK_IK_blend","n_points":4}},"4abd2f27-e9f1-11ef-a405-846993801060":{"name":"MooMoo_backLegFK_R","cmpt_tag":"fk_chain_01","guides_data":[{"name":"MooMoo_backLegFK_R_FK001","world_matrix":[0,-0.9942216268928366,0.10734689850462142,0,0,-0.10734689850462154,-0.9942216268928366,0,1,0,0,0,-1.5791167642528303,6.32581936895955,-2.208123058739191,1]},{"name":"MooMoo_backLegFK_R_FK002","world_matrix":[0,-0.6796225465498675,-0.7335619907145363,0,0,0.7335619907145362,-0.6796225465498673,0,0.9999999999999999,0,0,0,-1.5791167642528305,3.7588060810783093,-1.9309605957424938,1]},{"name":"MooMoo_backLegFK_R_FK003","world_matrix":[0,-0.9726892117835158,0.23211138981093382,0,0,-0.23211138981093388,-0.9726892117835154,0,0.9999999999999998,0,0,0,-1.57911676425283,2.192971994758433,-3.6210698708402456,1]},{"name":"MooMoo_backLegFK_R_FK004","world_matrix":[0,1.3877787807814457e-16,0.9999999999999999,0,1.2246467991473525e-16,0.9999999999999999,-1.3877787807814457e-16,0,-0.9999999999999998,1.2246467991473535e-16,-2.1570415377137042e-32,0,-1.5846604454956523,0.5794193856665579,-3.236030195173802,1]}],"settings":{"inputs":[{"name":"componentPosition","index":0,"type":"doubleMatrix"}],"outputs":[{"name":"outputMatrix001","index":0,"type":"doubleMatrix"},{"name":"outputMatrix002","index":1,"type":"doubleMatrix"},{"name":"outputMatrix003","index":2,"type":"doubleMatrix"},{"name":"outputMatrix004","index":3,"type":"doubleMatrix"}],"joints":false,"n_points":4}},"4abd2f28-e9f1-11ef-9796-846993801060":{"name":"MooMoo_backLegBlend_R","cmpt_tag":"components_blend_01","guides_data":{},"settings":{"inputs":[{"name":"cmpt01_wMtx001","index":0,"type":"doubleMatrix"},{"name":"cmpt01_wMtx002","index":1,"type":"doubleMatrix"},{"name":"cmpt01_wMtx003","index":2,"type":"doubleMatrix"},{"name":"cmpt01_wMtx004","index":3,"type":"doubleMatrix"},{"name":"cmpt02_wMtx001","index":4,"type":"doubleMatrix"},{"name":"cmpt02_wMtx002","index":5,"type":"doubleMatrix"},{"name":"cmpt02_wMtx003","index":6,"type":"doubleMatrix"},{"name":"cmpt02_wMtx004","index":7,"type":"doubleMatrix"}],"outputs":[{"name":"outputBlendMatrix001","index":0,"type":"doubleMatrix"},{"name":"outputBlendMatrix002","index":1,"type":"doubleMatrix"},{"name":"outputBlendMatrix003","index":2,"type":"doubleMatrix"},{"name":"outputBlendMatrix004","index":3,"type":"doubleMatrix"}],"joints":true,"blend_attr_name":"FK_IK_blend","n_points":4}},"76f55749-e9f1-11ef-8ecb-846993801060":{"name":"MooMoo_frontLegFK_R","cmpt_tag":"fk_chain_01","guides_data":[{"name":"MooMoo_frontLegFK_R_FK001","world_matrix":[-4.4408920985005847e-16,-0.9980228219181079,0.06285258093823906,0,7.7715611723761e-16,0.06285258093823967,0.9980228219181176,0,1.000000000000003,-5.5511151231258e-16,-7.771561172376119e-16,0,-1.6143184495660714,3.405414638333236,2.924,1]},{"name":"MooMoo_frontLegFK_R_FK002","world_matrix":[-4.841538095677526e-16,-0.9999445162522228,0.010533964923111407,0,7.528492183340289e-16,0.010533964923113544,0.999944516252329,0,1.000000000000002,-5.551115123125795e-16,-7.771561172376111e-16,0,-1.6143184495660714,1.8140845930653917,3.0242173480135675,1]},{"name":"MooMoo_frontLegFK_R_FK003","world_matrix":[7.477073881904414e-16,5.122638424559511e-15,0.9999999999999096,0,4.920574341583628e-16,1.0000000000001887,-1.8648277366750676e-15,0,0.9999999999999035,-5.551115123125248e-16,-7.771561172375345e-16,0,-1.6143184495660725,0.547782139423594,3.037557273791356,1]}],"settings":{"inputs":[{"name":"componentPosition","index":0,"type":"doubleMatrix"}],"outputs":[{"name":"outputMatrix001","index":0,"type":"doubleMatrix"},{"name":"outputMatrix002","index":1,"type":"doubleMatrix"},{"name":"outputMatrix003","index":2,"type":"doubleMatrix"}],"joints":false,"n_points":3}},"76f5574a-e9f1-11ef-bf46-846993801060":{"name":"MooMoo_frontLegBlend_R","cmpt_tag":"components_blend_01","guides_data":{},"settings":{"inputs":[{"name":"cmpt01_wMtx001","index":0,"type":"doubleMatrix"},{"name":"cmpt01_wMtx002","index":1,"type":"doubleMatrix"},{"name":"cmpt01_wMtx003","index":2,"type":"doubleMatrix"},{"name":"cmpt02_wMtx001","index":3,"type":"doubleMatrix"},{"name":"cmpt02_wMtx002","index":4,"type":"doubleMatrix"},{"name":"cmpt02_wMtx003","index":5,"type":"doubleMatrix"}],"outputs":[{"name":"outputBlendMatrix001","index":0,"type":"doubleMatrix"},{"name":"outputBlendMatrix002","index":1,"type":"doubleMatrix"},{"name":"outputBlendMatrix003","index":2,"type":"doubleMatrix"}],"joints":true,"blend_attr_name":"FK_IK_blend","n_points":3}},"a87ce2f7-e9f1-11ef-8dda-846993801060":{"name":"MooMoo_frontLegFK_L","cmpt_tag":"fk_chain_01","guides_data":[{"name":"MooMoo_frontLegFK_L_FK001","world_matrix":[4.4408920985005833e-16,-0.9980228219181074,0.06285258093823891,0,-5.551115123125784e-16,0.06285258093823967,0.9980228219181175,0,-1.000000000000002,-3.330669073875476e-16,-4.440892098500636e-16,0,1.6143184495660714,3.405414638333236,2.924,1]},{"name":"MooMoo_frontLegFK_L_FK002","world_matrix":[4.725328928404208e-16,-0.9999445162522348,0.010533964923111205,0,-5.311089178229641e-16,0.010533964923113266,0.9999445162523183,0,-0.9999999999999997,-3.330669073875468e-16,-4.4408920985006257e-16,0,1.6143184495660725,1.814084593065393,3.024217348013566,1]},{"name":"MooMoo_frontLegFK_L_FK003","world_matrix":[-5.261018049915051e-16,4.718447854656915e-15,0.9999999999999425,0,-4.781013576553705e-16,1.0000000000001046,-1.7763568394002505e-15,0,-0.9999999999999544,-3.3306690738753173e-16,-4.4408920985004245e-16,0,1.614318449566073,0.547782139423594,3.037557273791356,1]}],"settings":{"inputs":[{"name":"componentPosition","index":0,"type":"doubleMatrix"}],"outputs":[{"name":"outputMatrix001","index":0,"type":"doubleMatrix"},{"name":"outputMatrix002","index":1,"type":"doubleMatrix"},{"name":"outputMatrix003","index":2,"type":"doubleMatrix"}],"joints":false,"n_points":3}},"a87ce2f8-e9f1-11ef-9b54-846993801060":{"name":"MooMoo_frontLegBlend_L","cmpt_tag":"components_blend_01","guides_data":{},"settings":{"inputs":[{"name":"cmpt01_wMtx001","index":0,"type":"doubleMatrix"},{"name":"cmpt01_wMtx002","index":1,"type":"doubleMatrix"},{"name":"cmpt01_wMtx003","index":2,"type":"doubleMatrix"},{"name":"cmpt02_wMtx001","index":3,"type":"doubleMatrix"},{"name":"cmpt02_wMtx002","index":4,"type":"doubleMatrix"},{"name":"cmpt02_wMtx003","index":5,"type":"doubleMatrix"}],"outputs":[{"name":"outputBlendMatrix001","index":0,"type":"doubleMatrix"},{"name":"outputBlendMatrix002","index":1,"type":"doubleMatrix"},{"name":"outputBlendMatrix003","index":2,"type":"doubleMatrix"}],"joints":true,"blend_attr_name":"FK_IK_blend","n_points":3}},"857e97db-ee48-11ef-9ad2-c85ea9f620a6":{"name":"MooMoo_nail_M","cmpt_tag":"single_point_01","guides_data":[{"name":"MooMoo_nail_M_point","world_matrix":[0,-0.6672347686941379,-0.7448474766324179,0,0,0.7448474766324179,-0.6672347686941379,0,1,0,0,0,0,7.1716117571754445,-3.372926424105003,1]}],"settings":{"inputs":[{"name":"componentPosition","index":0,"type":"doubleMatrix"}],"outputs":[{"name":"outputWorldMatrix","index":0,"type":"doubleMatrix"}],"joints":true,"create_control":true,"movable_pivot":false}},"67490758-ef91-11ef-a6ff-a86e8487d4d6":{"name":"MooMoo_uddersMaster_M","cmpt_tag":"single_point_01","guides_data":[{"name":"MooMoo_uddersMaster_M_point","world_matrix":[2.220446049250313e-16,-0.986978474429925,-0.16085238889111297,0,8.326672684688674e-16,-0.16085238889111309,0.9869784744299251,0,-1.0000000000000078,-4.440892098500661e-16,6.661338147750991e-16,0,1.3496729777447015e-17,2.8925415515329824,-1.5567398694556498,1]}],"settings":{"inputs":[{"name":"componentPosition","index":0,"type":"doubleMatrix"}],"outputs":[{"name":"outputWorldMatrix","index":0,"type":"doubleMatrix"}],"joints":true,"create_control":true,"movable_pivot":false}},"82cbf01d-ef9b-11ef-a87b-a86e8487d4d6":{"name":"MooMoo_teat_LF","cmpt_tag":"fk_chain_01","guides_data":[{"name":"MooMoo_teat_LF_FK001","world_matrix":[0.42117454102135593,-0.8879542050244931,0.1847953889434757,0,0.5559180814011645,0.4137252085711217,0.7209622310246422,0,-0.7166359555357924,-0.2009198386722975,0.6678803228582196,0,0.511989616508471,2.298309604422648,-0.9655667291646173,1]},{"name":"MooMoo_teat_LF_FK002","world_matrix":[0.4211745410213562,-0.8879542050244936,0.1847953889434758,0,0.5559180814011646,0.4137252085711218,0.7209622310246423,0,-0.7166359555357928,-0.20091983867229765,0.6678803228582201,0,0.6073325430008367,2.097299941557118,-0.9237338749245648,1]},{"name":"MooMoo_teat_LF_FK003","world_matrix":[0.4211745410213559,-0.887954205024493,0.18479538894347566,0,0.5559180814011645,0.4137252085711217,0.7209622310246422,0,-0.7166359555357927,-0.20091983867229762,0.66788032285822,0,0.6896340190875072,1.9237853183948266,-0.8876231137015048,1]}],"settings":{"inputs":[{"name":"componentPosition","index":0,"type":"doubleMatrix"}],"outputs":[{"name":"outputMatrix001","index":0,"type":"doubleMatrix"},{"name":"outputMatrix002","index":1,"type":"doubleMatrix"},{"name":"outputMatrix003","index":2,"type":"doubleMatrix"}],"joints":true,"n_points":3}},"10c8cd55-ef9c-11ef-a995-a86e8487d4d6":{"name":"MooMoo_teat_LBa","cmpt_tag":"fk_chain_01","guides_data":[{"name":"MooMoo_teat_LBa_FK001","world_matrix":[0.34884871400851175,-0.8290383894965769,-0.43703538011872783,0,0.53353607897284,0.5590676672475149,-0.6346515546917918,0,0.770482853260793,-0.011776764383216724,0.6373519284129987,0,0.5617023468648891,2.443553019300442,-2.2449812358253824,1]},{"name":"MooMoo_teat_LBa_FK002","world_matrix":[0.3488487140085139,-0.829038389496582,-0.43703538011873055,0,0.5335360789728419,0.5590676672475169,-0.634651554691794,0,0.7704828532607958,-0.011776764383216766,0.6373519284130009,0,0.6630423389123328,2.202718696498375,-2.3719393129722603,1]},{"name":"MooMoo_teat_LBa_FK003","world_matrix":[0.34884871400851314,-0.8290383894965802,-0.4370353801187296,0,0.5335360789728406,0.5590676672475156,-0.6346515546917925,0,0.7704828532607946,-0.011776764383216747,0.6373519284129999,0,0.7474195278877003,2.002196447026432,-2.4776465017231435,1]}],"settings":{"inputs":[{"name":"componentPosition","index":0,"type":"doubleMatrix"}],"outputs":[{"name":"outputMatrix001","index":0,"type":"doubleMatrix"},{"name":"outputMatrix002","index":1,"type":"doubleMatrix"},{"name":"outputMatrix003","index":2,"type":"doubleMatrix"}],"joints":true,"n_points":3}},"5d7b15d8-ef9c-11ef-9cfd-a86e8487d4d6":{"name":"MooMoo_teat_RBa","cmpt_tag":"fk_chain_01","guides_data":[{"name":"MooMoo_teat_RBa_FK001","world_matrix":[-0.3292448841383905,-0.8878913183021948,-0.32132042131224886,0,-0.5752290109474598,0.45846372083899,-0.6774382640793738,0,-0.7488053092981538,0.03821025461906002,0.6616876795050989,0,-0.5504459127821532,2.6806707108833105,-2.371905642714686,1]},{"name":"MooMoo_teat_RBa_FK002","world_matrix":[-0.3292448841383904,-0.8878913183021946,-0.3213204213122488,0,-0.5752290109474596,0.4584637208389898,-0.6774382640793735,0,-0.7488053092981537,0.03821025461906001,0.6616876795050988,0,-0.6578885683134708,2.390924671818038,-2.476762304140349,1]},{"name":"MooMoo_teat_RBa_FK003","world_matrix":[-0.3292448841383904,-0.8878913183021946,-0.3213204213122488,0,-0.5752290109474587,0.45846372083898906,-0.6774382640793725,0,-0.7488053092981537,0.03821025461906001,0.6616876795050988,0,-0.7551991441344982,2.1285023241585854,-2.5717307508111977,1]}],"settings":{"inputs":[{"name":"componentPosition","index":0,"type":"doubleMatrix"}],"outputs":[{"name":"outputMatrix001","index":0,"type":"doubleMatrix"},{"name":"outputMatrix002","index":1,"type":"doubleMatrix"},{"name":"outputMatrix003","index":2,"type":"doubleMatrix"}],"joints":true,"n_points":3}},"99953ee3-ef9c-11ef-8e83-a86e8487d4d6":{"name":"MooMoo_teat_RF","cmpt_tag":"fk_chain_01","guides_data":[{"name":"MooMoo_teat_RF_FK001","world_matrix":[-0.41976900372364656,-0.8774201228367214,0.23222383933191137,0,-0.5436719743560364,0.4479498744415456,0.709761716555361,0,0.7267838521958707,-0.17168237541750986,0.665064203034817,0,-0.582533620449208,2.5740581099474986,-0.9941630769705826,1]},{"name":"MooMoo_teat_RF_FK002","world_matrix":[-0.4197690037236465,-0.8774201228367213,0.23222383933191135,0,-0.5436719743560381,0.447949874441547,0.7097617165553632,0,0.7267838521958714,-0.17168237541751,0.6650642030348175,0,-0.6775583699716834,2.3754330884262913,-0.9415936591004831,1]},{"name":"MooMoo_teat_RF_FK003","world_matrix":[-0.4197690037236461,-0.8774201228367206,0.23222383933191115,0,-0.5436719743560371,0.4479498744415462,0.709761716555362,0,0.72678385219587,-0.1716823754175097,0.6650642030348163,0,-0.7806620168024522,2.159921191014454,-0.8845548484599466,1]}],"settings":{"inputs":[{"name":"componentPosition","index":0,"type":"doubleMatrix"}],"outputs":[{"name":"outputMatrix001","index":0,"type":"doubleMatrix"},{"name":"outputMatrix002","index":1,"type":"doubleMatrix"},{"name":"outputMatrix003","index":2,"type":"doubleMatrix"}],"joints":true,"n_points":3}},"024189f4-f450-11ef-9a2f-846993801060":{"name":"MooMoo_backFootIK_L","cmpt_tag":"foot_roll_01","guides_data":[{"name":"MooMoo_backFootIK_L_heel","world_matrix":[0,0,1,0,0,1,0,0,-1,0,0,0,1.5846604454956525,0,-3.822486054598484,1]},{"name":"MooMoo_backFootIK_L_tip","world_matrix":[0,0,1,0,0,1,0,0,-1,0,0,0,1.5846604454956525,0,-2.5260035148238966,1]},{"name":"MooMoo_backFootIK_L_phalanges","world_matrix":[0,0,1,0,0,1,0,0,-1,0,0,0,1.5846604454956525,0,-2.9294307179553285,1]},{"name":"MooMoo_backFootIK_L_ankle","world_matrix":[0,0,1,0,0,1,0,0,-1,0,0,0,1.5846604454956525,0.5794193856665575,-3.236030195173802,1]},{"name":"MooMoo_backFootIK_L_posBank","world_matrix":[0,0,1,0,0,1,0,0,-1,0,0,0,1.1046604454956526,0,-2.960244000968096,1]},{"name":"MooMoo_backFootIK_L_negBank","world_matrix":[0,0,1,0,0,1,0,0,-1,0,0,0,2.0650937316213094,0,-2.960244000968096,1]}],"settings":{"inputs":[{"name":"componentPosition","index":0,"type":"doubleMatrix"},{"name":"footRoll","index":1,"type":"double"},{"name":"bendStartAngle","index":2,"type":"angle"},{"name":"bank","index":3,"type":"double"},{"name":"heelTwist","index":4,"type":"double"},{"name":"tipTwist","index":5,"type":"double"}],"outputs":[{"name":"ankleOutputMatrix","index":0,"type":"doubleMatrix"},{"name":"phalanxOutputMatrix","index":1,"type":"doubleMatrix"},{"name":"ankleOffsetMatrix","index":2,"type":"doubleMatrix"}],"joints":false,"tweaks":true,"phalanges":false}},"23668a77-f452-11ef-89cb-846993801060":{"name":"MooMoo_backFootIK_R","cmpt_tag":"foot_roll_01","guides_data":[{"name":"MooMoo_backFootIK_R_heel","world_matrix":[0,0,1,0,0,1,0,0,-1,0,0,0,-1.5846604454956525,0,-3.822486054598484,1]},{"name":"MooMoo_backFootIK_R_tip","world_matrix":[0,0,1,0,0,1,0,0,-1,0,0,0,-1.5846604454956525,0,-2.5260035148238966,1]},{"name":"MooMoo_backFootIK_R_phalanges","world_matrix":[0,0,1,0,0,1,0,0,-1,0,0,0,-1.5846604454956525,0,-2.9294307179553285,1]},{"name":"MooMoo_backFootIK_R_ankle","world_matrix":[0,0,1,0,0,1,0,0,-1,0,0,0,-1.5846604454956525,0.5794193856665575,-3.236030195173802,1]},{"name":"MooMoo_backFootIK_R_posBank","world_matrix":[0,0,1,0,0,1,0,0,-1,0,0,0,-2.0646604454956528,0,-2.960244000968096,1]},{"name":"MooMoo_backFootIK_R_negBank","world_matrix":[0,0,1,0,0,1,0,0,-1,0,0,0,-1.1042271593699957,0,-2.960244000968096,1]}],"settings":{"inputs":[{"name":"componentPosition","index":0,"type":"doubleMatrix"},{"name":"footRoll","index":1,"type":"double"},{"name":"bendStartAngle","index":2,"type":"angle"},{"name":"bank","index":3,"type":"double"},{"name":"heelTwist","index":4,"type":"double"},{"name":"tipTwist","index":5,"type":"double"}],"outputs":[{"name":"ankleOutputMatrix","index":0,"type":"doubleMatrix"},{"name":"phalanxOutputMatrix","index":1,"type":"doubleMatrix"},{"name":"ankleOffsetMatrix","index":2,"type":"doubleMatrix"}],"joints":false,"tweaks":true,"phalanges":false}},"5cba4627-f485-11ef-8f0b-c85ea9f620a6":{"name":"MooMoo_neck_M","cmpt_tag":"fk_chain_01","guides_data":[{"name":"MooMoo_neck_M_FK001","world_matrix":[-0.00012393312656655474,0.8566880829827984,0.515834773077412,0,-0.00007817553028310888,0.515834767162582,-0.8566880919418174,0,-0.9999999892645881,-0.00014649769065050515,0.0000030430296882322387,0,0,5.692610550606096,3.6415111231851807,1]},{"name":"MooMoo_neck_M_FK002","world_matrix":[-0.00012393312656655542,0.8566880829828032,0.5158347730774149,0,-0.00007817553028310886,0.5158347671625819,-0.8566880919418172,0,-0.9999999892645881,-0.00014649769065050515,0.0000030430296882322387,0,-0.00015595732411469016,6.770665988444737,4.2906370923549275,1]}],"settings":{"inputs":[{"name":"componentPosition","index":0,"type":"doubleMatrix"}],"outputs":[{"name":"outputMatrix001","index":0,"type":"doubleMatrix"},{"name":"outputMatrix002","index":1,"type":"doubleMatrix"}],"joints":false,"n_points":2}},"6f95c104-f8e7-11ef-a70b-846993801060":{"name":"MooMoo_frontFootIK_L","cmpt_tag":"foot_roll_01","guides_data":[{"name":"MooMoo_frontFootIK_L_heel","world_matrix":[0,0,1,0,0,1,0,0,-1,0,0,0,1.6188150962480639,0,2.5957835526651425,1]},{"name":"MooMoo_frontFootIK_L_tip","world_matrix":[0,0,1,0,0,1,0,0,-1,0,0,0,1.6188150962480639,0,3.611777397006226,1]},{"name":"MooMoo_frontFootIK_L_phalanges","world_matrix":[0,0,1,0,0,1,0,0,-1,0,0,0,1.6188150962480639,0,3.283781133788617,1]},{"name":"MooMoo_frontFootIK_L_ankle","world_matrix":[0,0,1,0,0,1,0,0,-1,0,0,0,1.6188150962480639,0.547782139423594,3.0375572737913554,1]},{"name":"MooMoo_frontFootIK_L_posBank","world_matrix":[0,0,1,0,0,1,0,0,-1,0,0,0,1.1388150962480639,0,3.21999487511042,1]},{"name":"MooMoo_frontFootIK_L_negBank","world_matrix":[0,0,1,0,0,1,0,0,-1,0,0,0,2.0992483823737205,0,3.21999487511042,1]}],"settings":{"inputs":[{"name":"componentPosition","index":0,"type":"doubleMatrix"},{"name":"footRoll","index":1,"type":"double"},{"name":"bendStartAngle","index":2,"type":"angle"},{"name":"bank","index":3,"type":"double"},{"name":"heelTwist","index":4,"type":"double"},{"name":"tipTwist","index":5,"type":"double"}],"outputs":[{"name":"ankleOutputMatrix","index":0,"type":"doubleMatrix"},{"name":"phalanxOutputMatrix","index":1,"type":"doubleMatrix"},{"name":"ankleOffsetMatrix","index":2,"type":"doubleMatrix"}],"joints":false,"tweaks":true,"phalanges":false}},"e9344d6e-f8e7-11ef-bcca-846993801060":{"name":"MooMoo_frontFootIK_R","cmpt_tag":"foot_roll_01","guides_data":[{"name":"MooMoo_frontFootIK_R_heel","world_matrix":[0,0,1,0,0,1,0,0,-1,0,0,0,-1.6188150962480639,0,2.5957835526651425,1]},{"name":"MooMoo_frontFootIK_R_tip","world_matrix":[0,0,1,0,0,1,0,0,-1,0,0,0,-1.6188150962480639,0,3.611777397006226,1]},{"name":"MooMoo_frontFootIK_R_phalanges","world_matrix":[0,0,1,0,0,1,0,0,-1,0,0,0,-1.6188150962480639,0,3.283781133788617,1]},{"name":"MooMoo_frontFootIK_R_ankle","world_matrix":[0,0,1,0,0,1,0,0,-1,0,0,0,-1.6188150962480639,0.547782139423594,3.0375572737913554,1]},{"name":"MooMoo_frontFootIK_R_posBank","world_matrix":[0,0,1,0,0,1,0,0,-1,0,0,0,-2.098815096248064,0,3.21999487511042,1]},{"name":"MooMoo_frontFootIK_R_negBank","world_matrix":[0,0,1,0,0,1,0,0,-1,0,0,0,-1.1383818101224072,0,3.21999487511042,1]}],"settings":{"inputs":[{"name":"componentPosition","index":0,"type":"doubleMatrix"},{"name":"footRoll","index":1,"type":"double"},{"name":"bendStartAngle","index":2,"type":"angle"},{"name":"bank","index":3,"type":"double"},{"name":"heelTwist","index":4,"type":"double"},{"name":"tipTwist","index":5,"type":"double"}],"outputs":[{"name":"ankleOutputMatrix","index":0,"type":"doubleMatrix"},{"name":"phalanxOutputMatrix","index":1,"type":"doubleMatrix"},{"name":"ankleOffsetMatrix","index":2,"type":"doubleMatrix"}],"joints":false,"tweaks":true,"phalanges":false}},"6b2e34da-fdb2-11ef-8eab-846993801060":{"name":"MooMoo_frontLegIK_L","cmpt_tag":"two_bone_ik_01","guides_data":[{"name":"MooMoo_frontLegIK_L_start","world_matrix":[3.3306690738754395e-16,-0.9980228219181083,0.06285258093823892,0,-4.996003610813211e-16,0.06285258093823949,0.9980228219181184,0,-1.0000000000000038,-4.996003610813223e-16,-6.661338147750963e-16,0,1.6143184495660714,3.405414638333236,2.924,1]},{"name":"MooMoo_frontLegIK_L_mid","world_matrix":[3.5875751340307173e-16,-0.9999445162522475,0.010533964923111316,0,-4.814843010588653e-16,0.010533964923112975,0.9999445162523097,0,-0.9999999999999988,-4.996003610813199e-16,-6.661338147750929e-16,0,1.6143184495660718,1.8140845930653917,3.024217348013566,1]},{"name":"MooMoo_frontLegIK_L_end","world_matrix":[-4.776784474432484e-16,4.291705879566621e-15,0.999999999999962,0,-3.6380954693011187e-16,1.000000000000043,-1.97758476261356e-15,0,-0.9999999999999977,-4.996003610813193e-16,-6.661338147750922e-16,0,1.6143184495660723,0.5477821394235944,3.0375572737913554,1]}],"settings":{"inputs":[{"name":"componentPosition","index":0,"type":"doubleMatrix"},{"name":"start_wMtx","index":1,"type":"doubleMatrix"},{"name":"endPos_offsetMtx","index":2,"type":"doubleMatrix"}],"outputs":[{"name":"startOutputMatrix","index":0,"type":"doubleMatrix"},{"name":"midOutputMatrix","index":1,"type":"doubleMatrix"},{"name":"endOutputMatrix","index":2,"type":"doubleMatrix"}],"joints":false,"root_control":true,"neutralise_end_rotation":true,"pole_vector_distance":5,"min_length_percentage":0.1,"pop_removal_percentage":0.000001}},"fcd39e15-fdb2-11ef-bdd3-846993801060":{"name":"MooMoo_frontLegIK_R","cmpt_tag":"two_bone_ik_01","guides_data":[{"name":"MooMoo_frontLegIK_R_start","world_matrix":[-4.4408920985005823e-16,-0.9980228219181072,0.0628525809382389,0,3.330669073875469e-16,0.06285258093823966,0.9980228219181173,0,1.0000000000000018,-5.551115123125793e-16,-4.440892098500635e-16,0,-1.6143184495660714,3.405414638333236,2.924,1]},{"name":"MooMoo_frontLegIK_R_mid","world_matrix":[-4.609119761130827e-16,-0.9999445162522345,0.01053396492311124,0,3.093855517988432e-16,0.010570704144970432,0.9999441292211697,0,0.9999999999999998,-5.551115123125782e-16,-4.440892098500626e-16,0,-1.614318449566072,1.814084593065392,3.024217348013566,1]},{"name":"MooMoo_frontLegIK_R_end","world_matrix":[3.0451315533989153e-16,0.00003673718343216552,0.9999996129902682,0,4.641341310033774e-16,0.9999999986549245,-0.000036616298940922096,0,1.0000003870097787,-5.551117271461618e-16,-4.440893817169295e-16,0,-1.6143184495660727,0.5477821394235936,3.0375572737913554,1]}],"settings":{"inputs":[{"name":"componentPosition","index":0,"type":"doubleMatrix"},{"name":"start_wMtx","index":1,"type":"doubleMatrix"},{"name":"endPos_offsetMtx","index":2,"type":"doubleMatrix"}],"outputs":[{"name":"startOutputMatrix","index":0,"type":"doubleMatrix"},{"name":"midOutputMatrix","index":1,"type":"doubleMatrix"},{"name":"endOutputMatrix","index":2,"type":"doubleMatrix"}],"joints":false,"root_control":true,"neutralise_end_rotation":true,"pole_vector_distance":5,"min_length_percentage":0.1,"pop_removal_percentage":0.000001}},"3e5a0124-fdcb-11ef-bd04-846993801060":{"name":"MooMoo_shoulder_L","cmpt_tag":"single_point_01","guides_data":[{"name":"MooMoo_shoulder_L_point","world_matrix":[4.4408920985005823e-16,-0.9980228219181072,0.0628525809382389,0,-5.551115123125783e-16,0.06285258093823966,0.9980228219181173,0,-1.0000000000000016,-3.3306690738754746e-16,-4.440892098500634e-16,0,1.6143184495660707,5.516309959764343,2.791061938736621,1]}],"settings":{"inputs":[{"name":"componentPosition","index":0,"type":"doubleMatrix"}],"outputs":[{"name":"outputWorldMatrix","index":0,"type":"doubleMatrix"}],"joints":false,"create_control":true,"movable_pivot":true}},"769ec963-fdcb-11ef-a90b-846993801060":{"name":"MooMoo_shoulder_R","cmpt_tag":"single_point_01","guides_data":[{"name":"MooMoo_shoulder_R_point","world_matrix":[-4.440892098500584e-16,-0.9980228219181076,0.06285258093823905,0,7.771561172376098e-16,0.06285258093823966,0.9980228219181174,0,1.0000000000000027,-5.5511151231257975e-16,-7.771561172376116e-16,0,-1.6143184495660707,5.516309959764343,2.791061938736621,1]}],"settings":{"inputs":[{"name":"componentPosition","index":0,"type":"doubleMatrix"}],"outputs":[{"name":"outputWorldMatrix","index":0,"type":"doubleMatrix"}],"joints":false,"create_control":true,"movable_pivot":true}},"bea48865-fdce-11ef-86e2-846993801060":{"name":"MooMoo_scapula_L","cmpt_tag":"single_point_01","guides_data":[{"name":"MooMoo_scapula_L_point","world_matrix":[0,0.9799634345975171,-0.1991774757642578,0,0,0.19917747576425954,0.9799634345975261,0,1.0000000000000007,0,0,0,1.4866368991321475,6.250798776516939,2.8658109136793097,1]}],"settings":{"inputs":[{"name":"componentPosition","index":0,"type":"doubleMatrix"}],"outputs":[{"name":"outputWorldMatrix","index":0,"type":"doubleMatrix"}],"joints":true,"create_control":true,"movable_pivot":false}},"04fd2ae1-fdcf-11ef-9b3e-846993801060":{"name":"MooMoo_scapula_R","cmpt_tag":"single_point_01","guides_data":[{"name":"MooMoo_scapula_R_point","world_matrix":[0,0.9799634345975172,-0.19917747576425773,0,0,0.19917747576425943,0.9799634345975261,0,-1.00000000