{"eb199e72-f83b-11ef-a7b5-846993801060":{"name":"Bird_body_M","cmpt_tag":"single_point_01","guides_data":[{"name":"Bird_body_M_point","world_matrix":[1,0,0,0,0,1,0,0,0,0,1,0,0,0.8946865967785131,-0.41551246537396125,1]}],"settings":{"inputs":[{"name":"componentPosition","index":0,"type":"doubleMatrix"}],"outputs":[{"name":"outputWorldMatrix","index":0,"type":"doubleMatrix"}],"joints":true,"create_control":true,"movable_pivot":false}},"0f02e8d7-f83c-11ef-8d61-846993801060":{"name":"Bird_master_M","cmpt_tag":"global_01","guides_data":[{"name":"Bird_master_M_root","world_matrix":[1,0,0,0,0,1,0,0,0,0,1,0,0,0,0,1]}],"settings":{"inputs":[{"name":"componentPosition","index":0,"type":"doubleMatrix"}],"outputs":[{"name":"globalOutput","index":0,"type":"doubleMatrix"}],"n_offsets":1}},"1d9e44aa-f83c-11ef-8823-846993801060":{"name":"Bird_wingFK_L","cmpt_tag":"fk_chain_01","guides_data":[{"name":"Bird_wingFK_L_FK001","world_matrix":[0.9533882782022594,0.1512196837773219,-0.26111950946801765,0,-0.12789795980128002,0.986297354813241,0.10420959536949535,0,0.27330002353677463,-0.06595555417620684,0.9596650259377528,0,0.6256813321098478,1.9648122729356408,0.16610928709132977,1]},{"name":"Bird_wingFK_L_FK002","world_matrix":[0.95338827820226,0.151219683777322,-0.2611195094680178,0,-0.1278979598012801,0.9862973548132417,0.10420959536949542,0,0.2733000235367748,-0.06595555417620688,0.9596650259377535,0,1.213324895948646,2.0580201253177206,0.0051620606150758475,1]},{"name":"Bird_wingFK_L_FK003","world_matrix":[0.9533882782022594,0.1512196837773219,-0.26111950946801765,0,-0.12789795980128002,0.986297354813241,0.10420959536949535,0,0.27330002353677463,-0.06595555417620684,0.9596650259377528,0,1.8009684597874447,2.1512279776998002,-0.15578516586117813,1]}],"settings":{"inputs":[{"name":"componentPosition","index":0,"type":"doubleMatrix"}],"outputs":[{"name":"outputMatrix001","index":0,"type":"doubleMatrix"},{"name":"outputMatrix002","index":1,"type":"doubleMatrix"},{"name":"outputMatrix003","index":2,"type":"doubleMatrix"}],"joints":true,"n_points":3}},"62dc7391-f83c-11ef-b374-846993801060":{"name":"Bird_wingFK_R","cmpt_tag":"fk_chain_01","guides_data":[{"name":"Bird_wingFK_R_FK001","world_matrix":[-0.9533882782022582,0.1512196837773215,-0.26111950946801726,0,0.12789795980127971,0.9862973548132407,0.10420959536949534,0,-0.2733000235367744,-0.06595555417620695,0.9596650259377527,0,-0.6256813321098478,1.9648122729356408,0.16610928709132977,1]},{"name":"Bird_wingFK_R_FK002","world_matrix":[-0.9533882782022595,0.1512196837773217,-0.2611195094680176,0,0.1278979598012797,0.9862973548132405,0.10420959536949533,0,-0.2733000235367745,-0.06595555417620698,0.9596650259377532,0,-1.2133248959486458,2.0580201253177193,0.005162060615075931,1]},{"name":"Bird_wingFK_R_FK003","world_matrix":[-0.9533882782022588,0.1512196837773216,-0.26111950946801743,0,0.12789795980127977,0.9862973548132412,0.1042095953694954,0,-0.27330002353677446,-0.06595555417620697,0.9596650259377529,0,-1.8009684597874442,2.1512279776998,-0.15578516586117777,1]}],"settings":{"inputs":[{"name":"componentPosition","index":0,"type":"doubleMatrix"}],"outputs":[{"name":"outputMatrix001","index":0,"type":"doubleMatrix"},{"name":"outputMatrix002","index":1,"type":"doubleMatrix"},{"name":"outputMatrix003","index":2,"type":"doubleMatrix"}],"joints":true,"n_points":3}},"67dfd482-f83d-11ef-a4a0-846993801060":{"name":"Bird_legFK_L","cmpt_tag":"fk_chain_01","guides_data":[{"name":"Bird_legFK_L_FK001","world_matrix":[0,-1,0,0,0.2951826891729826,0,0.9554408301996553,0,-0.9554408301996553,0,0.2951826891729825,0,0.24911906457793298,0.9093292798341885,-0.4188021781956619,1]},{"name":"Bird_legFK_L_FK002","world_matrix":[0.2951826891729826,4.440892098500626e-16,0.9554408301996553,0,-1.310874471962465e-16,1,-4.2430096334185277e-16,0,-0.9554408301996553,0,0.2951826891729825,0,0.2579783098297549,0.05257641515954958,-0.3901267681909012,1]},{"name":"Bird_legFK_L_FK003","world_matrix":[0.2951826891729826,4.440892098500626e-16,0.9554408301996553,0,-1.310874471962465e-16,1,-4.2430096334185277e-16,0,-0.9554408301996553,0,0.2951826891729825,0,0.4447575610937765,0.052576415159549854,0.21443620056499368,1]}],"settings":{"inputs":[{"name":"componentPosition","index":0,"type":"doubleMatrix"}],"outputs":[{"name":"outputMatrix001","index":0,"type":"doubleMatrix"},{"name":"outputMatrix002","index":1,"type":"doubleMatrix"},{"name":"outputMatrix003","index":2,"type":"doubleMatrix"}],"joints":true,"n_points":3}},"a8b1765a-f83d-11ef-9a31-846993801060":{"name":"Bird_legFK_R","cmpt_tag":"fk_chain_01","guides_data":[{"name":"Bird_legFK_R_FK001","world_matrix":[0,-1,0,0,-0.29518268917298274,0,0.9554408301996552,0,0.9554408301996552,0,0.29518268917298274,0,-0.24911906457793298,0.9093292798341885,-0.4188021781956619,1]},{"name":"Bird_legFK_R_FK002","world_matrix":[-0.2951826891729827,4.440892098500625e-16,0.955440830199655,0,1.3108744719624654e-16,1,-4.243009633418527e-16,0,0.9554408301996549,0,0.2951826891729826,0,-0.257978309829755,0.05257641515954958,-0.39012676819090125,1]},{"name":"Bird_legFK_R_FK003","world_matrix":[-0.2951826891729827,4.440892098500625e-16,0.955440830199655,0,1.3108744719624654e-16,1,-4.243009633418527e-16,0,0.9554408301996555,0,0.29518268917298285,0,-0.4447575610937766,0.05257641515954985,0.21443620056499363,1]}],"settings":{"inputs":[{"name":"componentPosition","index":0,"type":"doubleMatrix"}],"outputs":[{"name":"outputMatrix001","index":0,"type":"doubleMatrix"},{"name":"outputMatrix002","index":1,"type":"doubleMatrix"},{"name":"outputMatrix003","index":2,"type":"doubleMatrix"}],"joints":true,"n_points":3}},"0ca0fb31-f840-11ef-a473-846993801060":{"name":"Bird_beak_M","cmpt_tag":"fk_chain_01","guides_data":[{"name":"Bird_beak_M_FK001","world_matrix":[0,0.9061740429725137,0.42290495840418896,0,0,0.42290495840418896,-0.9061740429725137,0,-1,0,0,0,2.71540800840867e-16,2.3261571089325277,0.5947520028282747,1]},{"name":"Bird_beak_M_FK002","world_matrix":[0,0.05290013176268393,0.9985998077605915,0,0,0.9985998077605915,-0.05290013176268393,0,-1,0,0,0,2.71540800840867e-16,2.53215791978312,1.0156401647677622,1]}],"settings":{"inputs":[{"name":"componentPosition","index":0,"type":"doubleMatrix"}],"outputs":[{"name":"outputMatrix001","index":0,"type":"doubleMatrix"},{"name":"outputMatrix002","index":1,"type":"doubleMatrix"}],"joints":true,"n_points":2}}}