{"e2353da7-f820-11ef-8f7a-846993801060":{"name":"Fly_wingFK_L","cmpt_tag":"fk_chain_01","guides_data":[{"name":"Fly_wingFK_L_FK001","world_matrix":[0.5239337012352705,0.7265854804040428,-0.44448511378440664,0.0,-0.7203407324259768,0.6564573860117082,0.22399314623149094,0.0,0.4545357036778492,0.2028231742595049,0.8673292650806734,0.0,0.030737424650960472,0.19167045126068655,-0.006357497732341733,1.0]},{"name":"Fly_wingFK_L_FK002","world_matrix":[0.5239337012352705,0.7265854804040428,-0.44448511378440664,0.0,-0.720340732425977,0.6564573860117083,0.223993146231491,0.0,0.4545357036778492,0.2028231742595049,0.8673292650806734,0.0,0.07544108249514436,0.25366499109264273,-0.044282354248736416,1.0]},{"name":"Fly_wingFK_L_FK003","world_matrix":[0.5239337012352705,0.7265854804040428,-0.44448511378440664,0.0,-0.720340732425977,0.6564573860117083,0.223993146231491,0.0,0.4545357036778492,0.2028231742595049,0.8673292650806734,0.0,0.12014474033932818,0.3156595309245989,-0.08220721076513104,1.0]}],"settings":{"inputs":[{"name":"componentPosition","index":0,"type":"doubleMatrix"}],"outputs":[{"name":"outputMatrix001","index":0,"type":"doubleMatrix"},{"name":"outputMatrix002","index":1,"type":"doubleMatrix"},{"name":"outputMatrix003","index":2,"type":"doubleMatrix"}],"joints":true,"n_points":3}},"515249a5-f821-11ef-9dee-846993801060":{"name":"Fly_wingFK_R","cmpt_tag":"fk_chain_01","guides_data":[{"name":"Fly_wingFK_R_FK001","world_matrix":[-0.5239337012352706,0.726585480404043,-0.4444851137844068,0.0,0.7203407324259773,0.6564573860117081,0.223993146231491,0.0,-0.45453570367784935,0.20282317425950508,0.8673292650806739,0.0,-0.030737424650960472,0.19167045126068655,-0.006357497732341733,1.0]},{"name":"Fly_wingFK_R_FK002","world_matrix":[-0.5239337012352706,0.726585480404043,-0.4444851137844068,0.0,0.7203407324259771,0.6564573860117079,0.2239931462314909,0.0,-0.45453570367784923,0.20282317425950502,0.8673292650806737,0.0,-0.07544108249514431,0.25366499109264284,-0.04428235424873642,1.0]},{"name":"Fly_wingFK_R_FK003","world_matrix":[-0.5239337012352706,0.726585480404043,-0.4444851137844068,0.0,0.720340732425977,0.6564573860117078,0.22399314623149089,0.0,-0.454535703677849,0.20282317425950494,0.8673292650806733,0.0,-0.12014474033932815,0.31565953092459903,-0.08220721076513107,1.0]}],"settings":{"inputs":[{"name":"componentPosition","index":0,"type":"doubleMatrix"}],"outputs":[{"name":"outputMatrix001","index":0,"type":"doubleMatrix"},{"name":"outputMatrix002","index":1,"type":"doubleMatrix"},{"name":"outputMatrix003","index":2,"type":"doubleMatrix"}],"joints":true,"n_points":3}},"ce0ddbc1-f821-11ef-bcba-846993801060":{"name":"Fly_master_M","cmpt_tag":"global_01","guides_data":[{"name":"Fly_master_M_root","world_matrix":[1.0,0.0,0.0,0.0,0.0,1.0,0.0,0.0,0.0,0.0,1.0,0.0,0.0,0.0,0.0,1.0]}],"settings":{"inputs":[{"name":"componentPosition","index":0,"type":"doubleMatrix"}],"outputs":[{"name":"globalOutput","index":0,"type":"doubleMatrix"}],"n_offsets":1}},"ee8aa512-f821-11ef-9179-846993801060":{"name":"Fly_body_M","cmpt_tag":"single_point_01","guides_data":[{"name":"Fly_body_M_point","world_matrix":[1.0,0.0,0.0,0.0,0.0,1.0,0.0,0.0,0.0,0.0,1.0,0.0,0.0,0.11320566454424459,0.0,1.0]}],"settings":{"inputs":[{"name":"componentPosition","index":0,"type":"doubleMatrix"}],"outputs":[{"name":"outputWorldMatrix","index":0,"type":"doubleMatrix"}],"joints":true,"create_control":true}}}