{"61cde978-e9ed-11ef-9cd2-0242ac120002":{"name":"MooMoo_head_M","cmpt_tag":"single_point_01","guides_data":[{"name":"MooMoo_head_M_point","world_matrix":[0,0,0.999999999999993,0,0,1.0000000000000004,0,0,-1.0000000000000053,0,0,0,-2.085374513544735e-15,8.760478512041955,5.788866118355553,1]}],"settings":{"inputs":[{"name":"componentPosition","index":0,"type":"doubleMatrix"}],"outputs":[{"name":"outputWorldMatrix","index":0,"type":"doubleMatrix"}],"joints":true,"create_control":true,"movable_pivot":false}},"6bdbf43c-e9ed-11ef-9cd2-0242ac120002":{"name":"MooMoo_backLegIK_R","cmpt_tag":"quadruped_back_leg_01","guides_data":[{"name":"MooMoo_backLegIK_R_femur","world_matrix":[0,-0.999920045551236,-0.012645256217815589,0,0,0.012645256217815537,-0.999920045551236,0,1,0,0,0,-1.7840565332590268,6.615884079999405,-1.3217789000392028,1]},{"name":"MooMoo_backLegIK_R_knee","world_matrix":[0,-0.5670978904118414,-0.8236504007711277,0,0,0.8236504007711276,-0.5670978904118414,0,1,0,0,0,-1.7840565332590268,3.9751603075938715,-1.3551741988444546,1]},{"name":"MooMoo_backLegIK_R_heel","world_matrix":[0,-0.9381739593623282,0.3461641546642473,0,0,-0.3461641546642473,-0.9381739593623282,0,1,0,0,0,-1.7840565332590268,2.668580336704398,-3.2528450152199193,1]},{"name":"MooMoo_backLegIK_R_ankle","world_matrix":[0,-0.9381739593623282,0.3461641546642473,0,0,-0.3461641546642473,-0.9381739593623282,0,1,0,0,0,-1.7840565332590268,0.6385774741806505,-2.5038216407604894,1]}],"settings":{"inputs":[{"name":"componentPosition","index":0,"type":"doubleMatrix"},{"name":"start_wMtx","index":1,"type":"doubleMatrix"},{"name":"endPos_offsetMtx","index":2,"type":"doubleMatrix"}],"outputs":[{"name":"hipOutputMatrix","index":0,"type":"doubleMatrix"},{"name":"kneeOutputMatrix","index":1,"type":"doubleMatrix"},{"name":"heelOutputMatrix","index":2,"type":"doubleMatrix"},{"name":"ankleOutputMatrix","index":3,"type":"doubleMatrix"}],"joints":false,"pole_vector_distance":6.5,"orient_ankle_to_world":true}},"6f117adc-e9ed-11ef-9cd2-0242ac120002":{"name":"MooMoo_spineIK_M","cmpt_tag":"quadruped_spine_01","guides_data":[{"name":"MooMoo_spineIK_M_back","world_matrix":[-4.440892098500534e-16,-0.025205601392740886,0.999682288358851,0,1.5265566588595912e-16,0.9996822883588721,0.02520560139274142,0,-1.0000000000000153,1.5959455978986872e-16,-4.440892098500694e-16,0,9.621569809434595e-17,6.642787239019001,-1.15005022449084,1]},{"name":"MooMoo_spineIK_M_mid","world_matrix":[-4.4408920985006025e-16,-0.025205601392741275,0.9996822883588664,0,1.5265566588595905e-16,0.9996822883588716,0.02520560139274141,0,-1,1.5959455978986628e-16,-4.440892098500626e-16,0,-1.1788476186848407e-15,6.570413111658582,1.720223370205865,1]},{"name":"MooMoo_spineIK_M_chest","world_matrix":[-4.440892098500579e-16,-0.02520560139274114,0.9996822883588611,0,1.5265566588595905e-16,0.9996822883588716,0.02520560139274141,0,-1.0000000000000053,1.5959455978986714e-16,-4.44089209850065e-16,0,-2.6412449673780557e-15,6.487410408977722,5.012203214807744,1]}],"settings":{"inputs":[{"name":"componentPosition","index":0,"type":"doubleMatrix"}],"outputs":[{"name":"outputMatrix001","index":0,"type":"doubleMatrix"},{"name":"outputMatrix002","index":1,"type":"doubleMatrix"},{"name":"outputMatrix003","index":2,"type":"doubleMatrix"},{"name":"outputMatrix004","index":3,"type":"doubleMatrix"},{"name":"outputMatrix005","index":4,"type":"doubleMatrix"}],"joints":false,"n_points":5}},"714efa72-e9ed-11ef-9cd2-0242ac120002":{"name":"MooMoo_tailFK_M","cmpt_tag":"fk_tail_01","guides_data":[{"name":"MooMoo_tailFK_M_FK001","world_matrix":[0,-0.6743023875837234,-0.7384553406258838,0,0,0.7384553406258837,-0.6743023875837233,0,1,0,0,0,0,8.000884647270857,-2.690754464193204,1]},{"name":"MooMoo_tailFK_M_FK002","world_matrix":[0,-0.6743023875837234,-0.7384553406258838,0,0,0.7384553406258837,-0.6743023875837233,0,1,0,0,0,0,7.865242763880466,-2.839301280942749,1]},{"name":"MooMoo_tailFK_M_FK003","world_matrix":[0,-0.6743023875837234,-0.7384553406258838,0,0,0.7384553406258837,-0.6743023875837233,0,1,0,0,0,0,7.723353389002693,-2.9946899738880752,1]},{"name":"MooMoo_tailFK_M_FK004","world_matrix":[0,-0.6743023875837234,-0.7384553406258838,0,0,0.7384553406258837,-0.6743023875837233,0,1,0,0,0,0,7.575144122731522,-3.15699983104334,1]},{"name":"MooMoo_tailFK_M_FK005","world_matrix":[0,-0.6743023875837234,-0.7384553406258838,0,0,0.7384553406258837,-0.6743023875837233,0,1,0,0,0,0,7.422147458074413,-3.3245525584166646,1]},{"name":"MooMoo_tailFK_M_FK006","world_matrix":[0,-0.6743023875837234,-0.7384553406258838,0,0,0.7384553406258837,-0.6743023875837233,0,1,0,0,0,0,7.2637540047557465,-3.498015523515266,1]},{"name":"MooMoo_tailFK_M_FK007","world_matrix":[0,-0.6743023875837234,-0.7384553406258838,0,0,0.7384553406258837,-0.6743023875837233,0,1,0,0,0,0,7.105378088420413,-3.6714592831665276,1]},{"name":"MooMoo_tailFK_M_FK008","world_matrix":[0,-0.6743023875837234,-0.7384553406258838,0,0,0.7384553406258837,-0.6743023875837233,0,1,0,0,0,0,6.947002189250666,-3.8449030240190707,1]},{"name":"MooMoo_tailFK_M_FK009","world_matrix":[0,-0.6743023875837234,-0.7384553406258838,0,0,0.7384553406258837,-0.6743023875837233,0,1,0,0,0,0,6.783017880447886,-4.024488757132318,1]},{"name":"MooMoo_tailFK_M_FK010","world_matrix":[0,-0.6743023875837234,-0.7384553406258838,0,0,0.7384553406258837,-0.6743023875837233,0,1,0,0,0,0,6.613428192801458,-4.210213163368448,1]},{"name":"MooMoo_tailFK_M_FK011","world_matrix":[0,-0.6743023875837234,-0.7384553406258838,0,0,0.7384553406258837,-0.6743023875837233,0,1,0,0,0,0,6.4438368890366915,-4.395939339479961,1]},{"name":"MooMoo_tailFK_M_FK012","world_matrix":[0,-0.6743023875837234,-0.7384553406258838,0,0,0.7384553406258837,-0.6743023875837233,0,1,0,0,0,0,6.2742469656117565,-4.581664003926495,1]},{"name":"MooMoo_tailFK_M_FK013","world_matrix":[0,-0.6743023875837234,-0.7384553406258838,0,0,0.7384553406258837,-0.6743023875837233,0,1,0,0,0,0,6.104656099072801,-4.767389701214641,1]},{"name":"MooMoo_tailFK_M_FK014","world_matrix":[0,-0.6743023875837234,-0.7384553406258838,0,0,0.7384553406258837,-0.6743023875837233,0,1,0,0,0,0,5.934762717212244,-4.953446695053057,1]},{"name":"MooMoo_tailFK_M_FK015","world_matrix":[0,-0.6743023875837234,-0.7384553406258838,0,0,0.7384553406258837,-0.6743023875837233,0,1,0,0,0,0,5.765476033609999,-5.138839269519385,1]},{"name":"MooMoo_tailFK_M_FK016","world_matrix":[0,-0.6743023875837234,-0.7384553406258838,0,0,0.7384553406258837,-0.6743023875837233,0,1,0,0,0,0,5.597253067942787,-5.323066924204144,1]},{"name":"MooMoo_tailFK_M_FK017","world_matrix":[0,-0.6743023875837234,-0.7384553406258838,0,0,0.7384553406258837,-0.6743023875837233,0,1,0,0,0,0,5.468266420662574,-5.46432532741819,1]},{"name":"MooMoo_tailFK_M_FK018","world_matrix":[0,-0.6743023875837234,-0.7384553406258838,0,0,0.7384553406258837,-0.6743023875837233,0,1,0,0,0,0,5.339279773382362,-5.605583730632233,1]}],"settings":{"inputs":[{"name":"componentPosition","index":0,"type":"doubleMatrix"}],"outputs":[{"name":"outputMatrix001","index":0,"type":"doubleMatrix"},{"name":"outputMatrix002","index":1,"type":"doubleMatrix"},{"name":"outputMatrix003","index":2,"type":"doubleMatrix"},{"name":"outputMatrix004","index":3,"type":"doubleMatrix"},{"name":"outputMatrix005","index":4,"type":"doubleMatrix"},{"name":"outputMatrix006","index":5,"type":"doubleMatrix"},{"name":"outputMatrix007","index":6,"type":"doubleMatrix"},{"name":"outputMatrix008","index":7,"type":"doubleMatrix"},{"name":"outputMatrix009","index":8,"type":"doubleMatrix"},{"name":"outputMatrix010","index":9,"type":"doubleMatrix"},{"name":"outputMatrix011","index":10,"type":"doubleMatrix"},{"name":"outputMatrix012","index":11,"type":"doubleMatrix"},{"name":"outputMatrix013","index":12,"type":"doubleMatrix"},{"name":"outputMatrix014","index":13,"type":"doubleMatrix"},{"name":"outputMatrix015","index":14,"type":"doubleMatrix"},{"name":"outputMatrix016","index":15,"type":"doubleMatrix"},{"name":"outputMatrix017","index":16,"type":"doubleMatrix"},{"name":"outputMatrix018","index":17,"type":"doubleMatrix"}],"joints":true,"n_points":18,"masters_positions":[0,8]}},"75de4b10-e9ed-11ef-9cd2-0242ac120002":{"name":"MooMoo_global_M","cmpt_tag":"global_01","guides_data":[{"name":"MooMoo_global_M_root","world_matrix":[1.0000000000000002,0,0,0,0,1,0,0,0,0,1.0000000000000002,0,0,0,0,1]}],"settings":{"inputs":[{"name":"componentPosition","index":0,"type":"doubleMatrix"}],"outputs":[{"name":"globalOutput","index":0,"type":"doubleMatrix"}],"n_offsets":1}},"786a7020-e9ed-11ef-9cd2-0242ac120002":{"name":"MooMoo_backLegIK_L","cmpt_tag":"quadruped_back_leg_01","guides_data":[{"name":"MooMoo_backLegIK_L_femur","world_matrix":[0,-0.999920045551236,-0.012645256217815589,0,0,0.012645256217815537,-0.999920045551236,0,1,0,0,0,1.7840565332590268,6.615884079999405,-1.3217789000392028,1]},{"name":"MooMoo_backLegIK_L_knee","world_matrix":[0,-0.5670978904118414,-0.8236504007711277,0,0,0.8236504007711276,-0.5670978904118414,0,1,0,0,0,1.7840565332590268,3.9751603075938715,-1.3551741988444546,1]},{"name":"MooMoo_backLegIK_L_heel","world_matrix":[0,-0.9381739593623282,0.3461641546642473,0,0,-0.3461641546642473,-0.9381739593623282,0,1,0,0,0,1.7840565332590268,2.668580336704398,-3.2528450152199198,1]},{"name":"MooMoo_backLegIK_L_ankle","world_matrix":[0,-0.9381739593623282,0.3461641546642473,0,0,-0.3461641546642473,-0.9381739593623282,0,1,0,0,0,1.7840565332590268,0.6385774741806505,-2.5038216407604894,1]}],"settings":{"inputs":[{"name":"componentPosition","index":0,"type":"doubleMatrix"},{"name":"start_wMtx","index":1,"type":"doubleMatrix"},{"name":"endPos_offsetMtx","index":2,"type":"doubleMatrix"}],"outputs":[{"name":"hipOutputMatrix","index":0,"type":"doubleMatrix"},{"name":"kneeOutputMatrix","index":1,"type":"doubleMatrix"},{"name":"heelOutputMatrix","index":2,"type":"doubleMatrix"},{"name":"ankleOutputMatrix","index":3,"type":"doubleMatrix"}],"joints":false,"pole_vector_distance":6.5,"orient_ankle_to_world":true}},"7cc1eaae-e9ed-11ef-9cd2-0242ac120002":{"name":"MooMoo_pelvis_M","cmpt_tag":"single_point_01","guides_data":[{"name":"MooMoo_pelvis_M_point","world_matrix":[0,-0.9999999999999999,0,0,0,0,-1,0,1,0,0,0,1.531693447805701e-17,7.293640092843518,-2.03241679953837,1]}],"settings":{"inputs":[{"name":"componentPosition","index":0,"type":"doubleMatrix"}],"outputs":[{"name":"outputWorldMatrix","index":0,"type":"doubleMatrix"}],"joints":false,"create_control":false,"movable_pivot":false}},"6101b67f-e9f0-11ef-b6c5-846993801060":{"name":"MooMoo_spineFK_M","cmpt_tag":"fk_chain_01","guides_data":[{"name":"MooMoo_spineFK_M_FK001","world_matrix":[-4.440892098500534e-16,-0.025205601392740886,0.999682288358851,0,1.5265566588595912e-16,0.9996822883588721,0.02520560139274142,0,-1.0000000000000153,1.5959455978986872e-16,-4.440892098500694e-16,0,9.621569809434595e-17,6.642787239019001,-1.15005022449084,1]},{"name":"MooMoo_spineFK_M_FK002","world_matrix":[-4.4408920985005685e-16,-0.02520560139274108,0.9996822883588588,0,1.5265566588595964e-16,0.9996822883588754,0.025205601392741504,0,-1.000000000000016,1.5959455978986882e-16,-4.440892098500697e-16,0,-5.795067402398979e-16,6.604416003067024,0.37182251826969726,1]},{"name":"MooMoo_spineFK_M_FK003","world_matrix":[-4.4408920985004733e-16,-0.02520560139274054,0.9996822883588373,0,1.5265566588595907e-16,0.9996822883588716,0.02520560139274141,0,-1.0000000000000289,1.5959455978987086e-16,-4.440892098500754e-16,0,-1.1788476186848405e-15,6.570413111658582,1.7202233702058647,1]},{"name":"MooMoo_spineFK_M_FK004","world_matrix":[-4.440892098500479e-16,-0.025205601392740574,0.9996822883588387,0,1.5265566588595944e-16,0.9996822883588741,0.025205601392741472,0,-1.0000000000000295,1.5959455978987096e-16,-4.440892098500757e-16,0,-1.9593759784941547e-15,6.526109407762377,3.4775701018901826,1]},{"name":"MooMoo_spineFK_M_FK005","world_matrix":[-4.440892098500301e-16,-0.02520560139273956,0.9996822883587985,0,1.526556658859591e-16,0.9996822883588717,0.025205601392741413,0,-1.000000000000068,1.595945597898771e-16,-4.440892098500928e-16,0,-2.6412449673780557e-15,6.487410408977722,5.0122032148077444,1]}],"settings":{"inputs":[{"name":"componentPosition","index":0,"type":"doubleMatrix"}],"outputs":[{"name":"outputMatrix001","index":0,"type":"doubleMatrix"},{"name":"outputMatrix002","index":1,"type":"doubleMatrix"},{"name":"outputMatrix003","index":2,"type":"doubleMatrix"},{"name":"outputMatrix004","index":3,"type":"doubleMatrix"},{"name":"outputMatrix005","index":4,"type":"doubleMatrix"}],"joints":false,"n_points":5}},"c8dc513b-e9f0-11ef-8f2c-846993801060":{"name":"MooMoo_spineBlend_M","cmpt_tag":"components_blend_01","guides_data":{},"settings":{"inputs":[{"name":"cmpt01_wMtx001","index":0,"type":"doubleMatrix"},{"name":"cmpt01_wMtx002","index":1,"type":"doubleMatrix"},{"name":"cmpt01_wMtx003","index":2,"type":"doubleMatrix"},{"name":"cmpt01_wMtx004","index":3,"type":"doubleMatrix"},{"name":"cmpt01_wMtx005","index":4,"type":"doubleMatrix"},{"name":"cmpt02_wMtx001","index":5,"type":"doubleMatrix"},{"name":"cmpt02_wMtx002","index":6,"type":"doubleMatrix"},{"name":"cmpt02_wMtx003","index":7,"type":"doubleMatrix"},{"name":"cmpt02_wMtx004","index":8,"type":"doubleMatrix"},{"name":"cmpt02_wMtx005","index":9,"type":"doubleMatrix"}],"outputs":[{"name":"outputBlendMatrix001","index":0,"type":"doubleMatrix"},{"name":"outputBlendMatrix002","index":1,"type":"doubleMatrix"},{"name":"outputBlendMatrix003","index":2,"type":"doubleMatrix"},{"name":"outputBlendMatrix004","index":3,"type":"doubleMatrix"},{"name":"outputBlendMatrix005","index":4,"type":"doubleMatrix"}],"joints":true,"blend_attr_name":"spineBlend","n_points":5}},"0a38c559-e9f1-11ef-b4ee-846993801060":{"name":"MooMoo_backLegFK_L","cmpt_tag":"fk_chain_01","guides_data":[{"name":"MooMoo_backLegFK_L_FK001","world_matrix":[0,-0.999920045551236,-0.012645256217815589,0,0,0.012645256217815537,-0.999920045551236,0,1,0,0,0,1.7840565332590268,6.615884079999405,-1.3217789000392028,1]},{"name":"MooMoo_backLegFK_L_FK002","world_matrix":[0,-0.5670978904118414,-0.8236504007711277,0,0,0.8236504007711275,-0.5670978904118413,0,0.9999999999999999,0,0,0,1.784056533259027,3.9751603075938715,-1.3551741988444543,1]},{"name":"MooMoo_backLegFK_L_FK003","world_matrix":[0,-0.9381739593623282,0.3461641546642472,0,0,-0.34616415466424744,-0.9381739593623284,0,0.9999999999999999,0,0,0,1.7840565332590268,2.6685803367043976,-3.25284501521992,1]},{"name":"MooMoo_backLegFK_L_FK004","world_matrix":[0,-1.6653345369377348e-16,1,0,1.2246467991473525e-16,0.9999999999999999,2.7755575615628914e-16,0,-0.9999999999999993,1.2246467991473527e-16,3.697785493223493e-32,0,1.7840565332590268,0.6385774741806509,-2.5038216407604894,1]}],"settings":{"inputs":[{"name":"componentPosition","index":0,"type":"doubleMatrix"}],"outputs":[{"name":"outputMatrix001","index":0,"type":"doubleMatrix"},{"name":"outputMatrix002","index":1,"type":"doubleMatrix"},{"name":"outputMatrix003","index":2,"type":"doubleMatrix"},{"name":"outputMatrix004","index":3,"type":"doubleMatrix"}],"joints":false,"n_points":4}},"0a38ec47-e9f1-11ef-a747-846993801060":{"name":"MooMoo_backLegBlend_L","cmpt_tag":"components_blend_01","guides_data":{},"settings":{"inputs":[{"name":"cmpt01_wMtx001","index":0,"type":"doubleMatrix"},{"name":"cmpt01_wMtx002","index":1,"type":"doubleMatrix"},{"name":"cmpt01_wMtx003","index":2,"type":"doubleMatrix"},{"name":"cmpt01_wMtx004","index":3,"type":"doubleMatrix"},{"name":"cmpt02_wMtx001","index":4,"type":"doubleMatrix"},{"name":"cmpt02_wMtx002","index":5,"type":"doubleMatrix"},{"name":"cmpt02_wMtx003","index":6,"type":"doubleMatrix"},{"name":"cmpt02_wMtx004","index":7,"type":"doubleMatrix"}],"outputs":[{"name":"outputBlendMatrix001","index":0,"type":"doubleMatrix"},{"name":"outputBlendMatrix002","index":1,"type":"doubleMatrix"},{"name":"outputBlendMatrix003","index":2,"type":"doubleMatrix"},{"name":"outputBlendMatrix004","index":3,"type":"doubleMatrix"}],"joints":true,"blend_attr_name":"FK_IK_blend","n_points":4}},"4abd2f27-e9f1-11ef-a405-846993801060":{"name":"MooMoo_backLegFK_R","cmpt_tag":"fk_chain_01","guides_data":[{"name":"MooMoo_backLegFK_R_FK001","world_matrix":[0,-0.999920045551236,-0.012645256217815589,0,0,0.012645256217815537,-0.999920045551236,0,1,0,0,0,-1.7840565332590268,6.615884079999405,-1.3217789000392028,1]},{"name":"MooMoo_backLegFK_R_FK002","world_matrix":[0,-0.5670978904118414,-0.8236504007711277,0,0,0.8236504007711274,-0.5670978904118413,0,0.9999999999999998,0,0,0,-1.7840565332590264,3.9751603075938715,-1.3551741988444541,1]},{"name":"MooMoo_backLegFK_R_FK003","world_matrix":[0,-0.9381739593623283,0.3461641546642473,0,0,-0.34616415466424744,-0.9381739593623284,0,0.9999999999999997,0,0,0,-1.7840565332590272,2.668580336704398,-3.25284501521992,1]},{"name":"MooMoo_backLegFK_R_FK004","world_matrix":[0,-1.1102230246251565e-16,1.0000000000000002,0,1.2246467991473522e-16,0.9999999999999999,2.220446049250313e-16,0,-0.9999999999999984,1.224646799147352e-16,2.465190328815662e-32,0,-1.7840565332590266,0.6385774741806514,-2.503821640760489,1]}],"settings":{"inputs":[{"name":"componentPosition","index":0,"type":"doubleMatrix"}],"outputs":[{"name":"outputMatrix001","index":0,"type":"doubleMatrix"},{"name":"outputMatrix002","index":1,"type":"doubleMatrix"},{"name":"outputMatrix003","index":2,"type":"doubleMatrix"},{"name":"outputMatrix004","index":3,"type":"doubleMatrix"}],"joints":false,"n_points":4}},"4abd2f28-e9f1-11ef-9796-846993801060":{"name":"MooMoo_backLegBlend_R","cmpt_tag":"components_blend_01","guides_data":{},"settings":{"inputs":[{"name":"cmpt01_wMtx001","index":0,"type":"doubleMatrix"},{"name":"cmpt01_wMtx002","index":1,"type":"doubleMatrix"},{"name":"cmpt01_wMtx003","index":2,"type":"doubleMatrix"},{"name":"cmpt01_wMtx004","index":3,"type":"doubleMatrix"},{"name":"cmpt02_wMtx001","index":4,"type":"doubleMatrix"},{"name":"cmpt02_wMtx002","index":5,"type":"doubleMatrix"},{"name":"cmpt02_wMtx003","index":6,"type":"doubleMatrix"},{"name":"cmpt02_wMtx004","index":7,"type":"doubleMatrix"}],"outputs":[{"name":"outputBlendMatrix001","index":0,"type":"doubleMatrix"},{"name":"outputBlendMatrix002","index":1,"type":"doubleMatrix"},{"name":"outputBlendMatrix003","index":2,"type":"doubleMatrix"},{"name":"outputBlendMatrix004","index":3,"type":"doubleMatrix"}],"joints":true,"blend_attr_name":"FK_IK_blend","n_points":4}},"76f55749-e9f1-11ef-8ecb-846993801060":{"name":"MooMoo_frontLegFK_R","cmpt_tag":"fk_chain_01","guides_data":[{"name":"MooMoo_frontLegFK_R_FK001","world_matrix":[-4.4408920985005857e-16,-0.995364828563426,0.09617098345594259,0,5.551115123125788e-16,0.09617098345594377,0.9953648285634362,0,1.0000000000000044,-5.551115123125806e-16,-5.551115123125807e-16,0,-1.733058992696773,3.7811971698229163,4.213203927630947,1]},{"name":"MooMoo_frontLegFK_R_FK002","world_matrix":[-4.72532892840414e-16,-0.9990339160413049,0.043945814352034096,0,5.311089178229703e-16,0.04394581435204018,0.9990339160414146,0,1.0000000000000056,-5.551115123125812e-16,-5.551115123125813e-16,0,-1.733058992696773,2.0867081894428665,4.376923467463997,1]},{"name":"MooMoo_frontLegFK_R_FK003","world_matrix":[5.086659197988158e-16,-0.002346824742437019,0.9999972462029254,0,4.966115176297115e-16,0.999997246203214,0.0023468247424490996,0,0.999999999999908,-5.551115123125271e-16,-5.551115123125272e-16,0,-1.733058992696774,0.6998984158596468,4.437926886740259,1]}],"settings":{"inputs":[{"name":"componentPosition","index":0,"type":"doubleMatrix"}],"outputs":[{"name":"outputMatrix001","index":0,"type":"doubleMatrix"},{"name":"outputMatrix002","index":1,"type":"doubleMatrix"},{"name":"outputMatrix003","index":2,"type":"doubleMatrix"}],"joints":false,"n_points":3}},"76f5574a-e9f1-11ef-bf46-846993801060":{"name":"MooMoo_frontLegBlend_R","cmpt_tag":"components_blend_01","guides_data":{},"settings":{"inputs":[{"name":"cmpt01_wMtx001","index":0,"type":"doubleMatrix"},{"name":"cmpt01_wMtx002","index":1,"type":"doubleMatrix"},{"name":"cmpt01_wMtx003","index":2,"type":"doubleMatrix"},{"name":"cmpt02_wMtx001","index":3,"type":"doubleMatrix"},{"name":"cmpt02_wMtx002","index":4,"type":"doubleMatrix"},{"name":"cmpt02_wMtx003","index":5,"type":"doubleMatrix"}],"outputs":[{"name":"outputBlendMatrix001","index":0,"type":"doubleMatrix"},{"name":"outputBlendMatrix002","index":1,"type":"doubleMatrix"},{"name":"outputBlendMatrix003","index":2,"type":"doubleMatrix"}],"joints":true,"blend_attr_name":"FK_IK_blend","n_points":3}},"a87ce2f7-e9f1-11ef-8dda-846993801060":{"name":"MooMoo_frontLegFK_L","cmpt_tag":"fk_chain_01","guides_data":[{"name":"MooMoo_frontLegFK_L_FK001","world_matrix":[5.551115123125732e-16,-0.9953648285634261,0.0961709834559426,0,-5.551115123125788e-16,0.09617098345594377,0.9953648285634362,0,-1.0000000000000044,-5.551115123125806e-16,-4.440892098500646e-16,0,1.733058992696773,3.7811971698229163,4.213203927630947,1]},{"name":"MooMoo_frontLegFK_L_FK002","world_matrix":[5.834030430959393e-16,-0.9990339160413185,0.043945814352034714,0,-5.252984594592957e-16,0.04394581435203975,0.9990339160414045,0,-1.0000000000000022,-5.551115123125794e-16,-4.440892098500636e-16,0,1.7330589926967734,2.0867081894428665,4.376923467463997,1]},{"name":"MooMoo_frontLegFK_L_FK003","world_matrix":[-4.977294829951133e-16,-0.0023468247424381916,0.999997246202963,0,-6.070938510324304e-16,0.9999972462031282,0.002346824742447788,0,-0.9999999999999563,-5.551115123125538e-16,-4.440892098500432e-16,0,1.7330589926967743,0.6998984158596466,4.43792688674026,1]}],"settings":{"inputs":[{"name":"componentPosition","index":0,"type":"doubleMatrix"}],"outputs":[{"name":"outputMatrix001","index":0,"type":"doubleMatrix"},{"name":"outputMatrix002","index":1,"type":"doubleMatrix"},{"name":"outputMatrix003","index":2,"type":"doubleMatrix"}],"joints":false,"n_points":3}},"a87ce2f8-e9f1-11ef-9b54-846993801060":{"name":"MooMoo_frontLegBlend_L","cmpt_tag":"components_blend_01","guides_data":{},"settings":{"inputs":[{"name":"cmpt01_wMtx001","index":0,"type":"doubleMatrix"},{"name":"cmpt01_wMtx002","index":1,"type":"doubleMatrix"},{"name":"cmpt01_wMtx003","index":2,"type":"doubleMatrix"},{"name":"cmpt02_wMtx001","index":3,"type":"doubleMatrix"},{"name":"cmpt02_wMtx002","index":4,"type":"doubleMatrix"},{"name":"cmpt02_wMtx003","index":5,"type":"doubleMatrix"}],"outputs":[{"name":"outputBlendMatrix001","index":0,"type":"doubleMatrix"},{"name":"outputBlendMatrix002","index":1,"type":"doubleMatrix"},{"name":"outputBlendMatrix003","index":2,"type":"doubleMatrix"}],"joints":true,"blend_attr_name":"FK_IK_blend","n_points":3}},"857e97db-ee48-11ef-9ad2-c85ea9f620a6":{"name":"MooMoo_nail_M","cmpt_tag":"single_point_01","guides_data":[{"name":"MooMoo_nail_M_point","world_matrix":[0,-0.6672347686941379,-0.7448474766324179,0,0,0.7448474766324179,-0.6672347686941379,0,1,0,0,0,0,7.799915893710176,-2.717775594347252,1]}],"settings":{"inputs":[{"name":"componentPosition","index":0,"type":"doubleMatrix"}],"outputs":[{"name":"outputWorldMatrix","index":0,"type":"doubleMatrix"}],"joints":true,"create_control":true,"movable_pivot":false}},"67490758-ef91-11ef-a6ff-a86e8487d4d6":{"name":"MooMoo_uddersMaster_M","cmpt_tag":"single_point_01","guides_data":[{"name":"MooMoo_uddersMaster_M_point","world_matrix":[4.440892098500623e-16,-0.9836105771499021,-0.18030594144074982,0,3.3306690738754667e-16,-0.18030594144074985,0.9836105771499022,0,-1.0000000000000075,-4.996003610813241e-16,2.22044604925033e-16,0,2.405359308577285e-16,4.132023030662871,-0.6670544884565457,1]}],"settings":{"inputs":[{"name":"componentPosition","index":0,"type":"doubleMatrix"}],"outputs":[{"name":"outputWorldMatrix","index":0,"type":"doubleMatrix"}],"joints":true,"create_control":true,"movable_pivot":false}},"82cbf01d-ef9b-11ef-a87b-a86e8487d4d6":{"name":"MooMoo_teat_LF","cmpt_tag":"fk_chain_01","guides_data":[{"name":"MooMoo_teat_LF_FK001","world_matrix":[0.37921522494468335,-0.8970908694040144,0.22676813092254092,0,0.5547245122959675,0.4165573796277655,0.7202504182127561,0,-0.7405920122632663,-0.14733608352877808,0.6556031954332187,0,0.6310297790190298,3.2782582731278245,0.0832637448310541,1]},{"name":"MooMoo_teat_LF_FK002","world_matrix":[0.3792152249446836,-0.897090869404015,0.22676813092254106,0,0.5547245122959676,0.4165573796277656,0.7202504182127563,0,-0.740592012263267,-0.14733608352877822,0.6556031954332192,0,0.7563899300606347,2.9816999086714735,0.1582282643806609,1]},{"name":"MooMoo_teat_LF_FK003","world_matrix":[0.37921522494468335,-0.8970908694040143,0.2267681309225409,0,0.5547245122959672,0.41655737962776523,0.7202504182127556,0,-0.7405920122632665,-0.1473360835287781,0.6556031954332188,0,0.8768929259436897,2.69663187808732,0.23028823810916477,1]}],"settings":{"inputs":[{"name":"componentPosition","index":0,"type":"doubleMatrix"}],"outputs":[{"name":"outputMatrix001","index":0,"type":"doubleMatrix"},{"name":"outputMatrix002","index":1,"type":"doubleMatrix"},{"name":"outputMatrix003","index":2,"type":"doubleMatrix"}],"joints":true,"n_points":3}},"10c8cd55-ef9c-11ef-a995-a86e8487d4d6":{"name":"MooMoo_teat_LBa","cmpt_tag":"fk_chain_01","guides_data":[{"name":"MooMoo_teat_LBa_FK001","world_matrix":[0.3377390971150225,-0.828199673667952,-0.44723327561376575,0,0.5381016228970484,0.5597423010254092,-0.6301866389240111,0,0.7722557514939529,-0.02781828497718428,0.6347024478489403,0,0.5411948105111809,3.2798752259420465,-1.4692112590391584,1]},{"name":"MooMoo_teat_LBa_FK002","world_matrix":[0.3377390971150246,-0.8281996736679571,-0.4472332756137685,0,0.5381016228970503,0.5597423010254112,-0.6301866389240133,0,0.7722557514939558,-0.027818284977184384,0.6347024478489427,0,0.6476909249311071,3.0187267596765217,-1.610233149898125,1]},{"name":"MooMoo_teat_LBa_FK003","world_matrix":[0.3377390971150239,-0.8281996736679554,-0.44723327561376763,0,0.5381016228970491,0.55974230102541,-0.6301866389240118,0,0.7722557514939546,-0.027818284977184343,0.6347024478489418,0,0.7457261527775986,2.7783259757460543,-1.7400511557193354,1]}],"settings":{"inputs":[{"name":"componentPosition","index":0,"type":"doubleMatrix"}],"outputs":[{"name":"outputMatrix001","index":0,"type":"doubleMatrix"},{"name":"outputMatrix002","index":1,"type":"doubleMatrix"},{"name":"outputMatrix003","index":2,"type":"doubleMatrix"}],"joints":true,"n_points":3}},"5d7b15d8-ef9c-11ef-9cfd-a86e8487d4d6":{"name":"MooMoo_teat_RBa","cmpt_tag":"fk_chain_01","guides_data":[{"name":"MooMoo_teat_RBa_FK001","world_matrix":[-0.33773909711502237,-0.828199673667952,-0.4472332756137656,0,-0.5381016228970489,0.559742301025409,-0.630186638924011,0,-0.7722557514939526,-0.027818284977184558,0.6347024478489405,0,-0.5411948105111809,3.2798752259420465,-1.4692112590391584,1]},{"name":"MooMoo_teat_RBa_FK002","world_matrix":[-0.33773909711502337,-0.8281996736679544,-0.44723327561376686,0,-0.5381016228970522,0.5597423010254124,-0.6301866389240148,0,-0.7722557514939559,-0.027818284977184676,0.6347024478489431,0,-0.6476909249311075,3.018726759676522,-1.6102331498981257,1]},{"name":"MooMoo_teat_RBa_FK003","world_matrix":[-0.3377390971150221,-0.8281996736679513,-0.4472332756137652,0,-0.5381016228970522,0.5597423010254124,-0.6301866389240148,0,-0.7722557514939543,-0.02781828497718462,0.6347024478489419,0,-0.7457261527775986,2.7783259757460548,-1.7400511557193357,1]}],"settings":{"inputs":[{"name":"componentPosition","index":0,"type":"doubleMatrix"}],"outputs":[{"name":"outputMatrix001","index":0,"type":"doubleMatrix"},{"name":"outputMatrix002","index":1,"type":"doubleMatrix"},{"name":"outputMatrix003","index":2,"type":"doubleMatrix"}],"joints":true,"n_points":3}},"99953ee3-ef9c-11ef-8e83-a86e8487d4d6":{"name":"MooMoo_teat_RF","cmpt_tag":"fk_chain_01","guides_data":[{"name":"MooMoo_teat_RF_FK001","world_matrix":[-0.3792152249446833,-0.8970908694040143,0.22676813092254072,0,-0.5547245122959676,0.4165573796277653,0.7202504182127563,0,0.7405920122632662,-0.1473360835287781,0.6556031954332187,0,-0.6310297790190298,3.2782582731278245,0.0832637448310541,1]},{"name":"MooMoo_teat_RF_FK002","world_matrix":[-0.37921522494468357,-0.8970908694040148,0.22676813092254086,0,-0.5547245122959678,0.4165573796277654,0.7202504182127564,0,0.740592012263267,-0.14733608352877828,0.6556031954332194,0,-0.7563899300606347,2.9816999086714735,0.15822826438066084,1]},{"name":"MooMoo_teat_RF_FK003","world_matrix":[-0.3792152249446832,-0.897090869404014,0.22676813092254064,0,-0.554724512295967,0.4165573796277648,0.7202504182127554,0,0.7405920122632668,-0.14733608352877822,0.6556031954332192,0,-0.87689292594369,2.69663187808732,0.23028823810916438,1]}],"settings":{"inputs":[{"name":"componentPosition","index":0,"type":"doubleMatrix"}],"outputs":[{"name":"outputMatrix001","index":0,"type":"doubleMatrix"},{"name":"outputMatrix002","index":1,"type":"doubleMatrix"},{"name":"outputMatrix003","index":2,"type":"doubleMatrix"}],"joints":true,"n_points":3}},"024189f4-f450-11ef-9a2f-846993801060":{"name":"MooMoo_backFootIK_L","cmpt_tag":"foot_roll_01","guides_data":[{"name":"MooMoo_backFootIK_L_heel","world_matrix":[0,0,1,0,0,1,0,0,-1,0,0,0,1.783496398547519,0,-3.0318004027018435,1]},{"name":"MooMoo_backFootIK_L_tip","world_matrix":[0,0,1,0,0,1,0,0,-1,0,0,0,1.783496398547519,0,-1.7858663780575785,1]},{"name":"MooMoo_backFootIK_L_phalanges","world_matrix":[0,0,1,0,0,1,0,0,-1,0,0,0,1.783496398547519,0,-2.191680630504565,1]},{"name":"MooMoo_backFootIK_L_ankle","world_matrix":[0,0,1,0,0,1,0,0,-1,0,0,0,1.783496398547519,0.6385774741806509,-2.5038216407604894,1]},{"name":"MooMoo_backFootIK_L_posBank","world_matrix":[0,0,1,0,0,1,0,0,-1,0,0,0,1.244626775748561,0,-2.349166882266216,1]},{"name":"MooMoo_backFootIK_L_negBank","world_matrix":[0,0,1,0,0,1,0,0,-1,0,0,0,2.323227716291075,0,-2.349166882266216,1]}],"settings":{"inputs":[{"name":"componentPosition","index":0,"type":"doubleMatrix"},{"name":"footRoll","index":1,"type":"double"},{"name":"bendStartAngle","index":2,"type":"angle"},{"name":"bank","index":3,"type":"double"},{"name":"heelTwist","index":4,"type":"double"},{"name":"tipTwist","index":5,"type":"double"}],"outputs":[{"name":"ankleOutputMatrix","index":0,"type":"doubleMatrix"},{"name":"phalanxOutputMatrix","index":1,"type":"doubleMatrix"},{"name":"ankleOffsetMatrix","index":2,"type":"doubleMatrix"}],"joints":false,"tweaks":true,"phalanges":false}},"23668a77-f452-11ef-89cb-846993801060":{"name":"MooMoo_backFootIK_R","cmpt_tag":"foot_roll_01","guides_data":[{"name":"MooMoo_backFootIK_R_heel","world_matrix":[0,0,1,0,0,1,0,0,-1,0,0,0,-1.783496398547519,0,-3.0318004027018435,1]},{"name":"MooMoo_backFootIK_R_tip","world_matrix":[0,0,1,0,0,1,0,0,-1,0,0,0,-1.783496398547519,0,-1.7858663780575785,1]},{"name":"MooMoo_backFootIK_R_phalanges","world_matrix":[0,0,1,0,0,1,0,0,-1,0,0,0,-1.783496398547519,0,-2.191680630504565,1]},{"name":"MooMoo_backFootIK_R_ankle","world_matrix":[0,0,1,0,0,1,0,0,-1,0,0,0,-1.783496398547519,0.6385774741806509,-2.5038216407604894,1]},{"name":"MooMoo_backFootIK_R_posBank","world_matrix":[0,0,1,0,0,1,0,0,-1,0,0,0,-2.322366021346477,0,-2.349166882266216,1]},{"name":"MooMoo_backFootIK_R_negBank","world_matrix":[0,0,1,0,0,1,0,0,-1,0,0,0,-1.2437650808039629,0,-2.349166882266216,1]}],"settings":{"inputs":[{"name":"componentPosition","index":0,"type":"doubleMatrix"},{"name":"footRoll","index":1,"type":"double"},{"name":"bendStartAngle","index":2,"type":"angle"},{"name":"bank","index":3,"type":"double"},{"name":"heelTwist","index":4,"type":"double"},{"name":"tipTwist","index":5,"type":"double"}],"outputs":[{"name":"ankleOutputMatrix","index":0,"type":"doubleMatrix"},{"name":"phalanxOutputMatrix","index":1,"type":"doubleMatrix"},{"name":"ankleOffsetMatrix","index":2,"type":"doubleMatrix"}],"joints":false,"tweaks":true,"phalanges":false}},"5cba4627-f485-11ef-8f0b-c85ea9f620a6":{"name":"MooMoo_neck_M","cmpt_tag":"fk_chain_01","guides_data":[{"name":"MooMoo_neck_M_FK001","world_matrix":[0,0.9462870358775122,0.32332776826330667,0,0,0.32332776826331,-0.9462870358775223,0,-1.0000000000000053,0,0,0,-2.6412449673780557e-15,6.487410408977722,5.012203214807744,1]},{"name":"MooMoo_neck_M_FK002","world_matrix":[0,0.9462870358775174,0.32332776826330845,0,0,0.32332776826330983,-0.9462870358775218,0,-1.0000000000000053,0,0,0,-2.085374513544735e-15,7.407109250118593,5.326446317065496,1]}],"settings":{"inputs":[{"name":"componentPosition","index":0,"type":"doubleMatrix"}],"outputs":[{"name":"outputMatrix001","index":0,"type":"doubleMatrix"},{"name":"outputMatrix002","index":1,"type":"doubleMatrix"}],"joints":false,"n_points":2}},"6f95c104-f8e7-11ef-a70b-846993801060":{"name":"MooMoo_frontFootIK_L","cmpt_tag":"foot_roll_01","guides_data":[{"name":"MooMoo_frontFootIK_L_heel","world_matrix":[0,0,1,0,0,1,0,0,-1,0,0,0,1.7360425859862996,0,4.002240203723337,1]},{"name":"MooMoo_frontFootIK_L_tip","world_matrix":[0,0,1,0,0,1,0,0,-1,0,0,0,1.7360425859862996,0,5.113457337893543,1]},{"name":"MooMoo_frontFootIK_L_phalanges","world_matrix":[0,0,1,0,0,1,0,0,-1,0,0,0,1.7360425859862996,0,4.788195142789128,1]},{"name":"MooMoo_frontFootIK_L_ankle","world_matrix":[0,0,1,0,0,1,0,0,-1,0,0,0,1.7360425859862996,0.6998984158596466,4.43792688674026,1]},{"name":"MooMoo_frontFootIK_L_posBank","world_matrix":[0,0,1,0,0,1,0,0,-1,0,0,0,1.2691385099158057,0,4.626451526168615,1]},{"name":"MooMoo_frontFootIK_L_negBank","world_matrix":[0,0,1,0,0,1,0,0,-1,0,0,0,2.2120089624008488,0,4.626451526168615,1]}],"settings":{"inputs":[{"name":"componentPosition","index":0,"type":"doubleMatrix"},{"name":"footRoll","index":1,"type":"double"},{"name":"bendStartAngle","index":2,"type":"angle"},{"name":"bank","index":3,"type":"double"},{"name":"heelTwist","index":4,"type":"double"},{"name":"tipTwist","index":5,"type":"double"}],"outputs":[{"name":"ankleOutputMatrix","index":0,"type":"doubleMatrix"},{"name":"phalanxOutputMatrix","index":1,"type":"doubleMatrix"},{"name":"ankleOffsetMatrix","index":2,"type":"doubleMatrix"}],"joints":false,"tweaks":true,"phalanges":false}},"e9344d6e-f8e7-11ef-bcca-846993801060":{"name":"MooMoo_frontFootIK_R","cmpt_tag":"foot_roll_01","guides_data":[{"name":"MooMoo_frontFootIK_R_heel","world_matrix":[0,0,1,0,0,1,0,0,-1,0,0,0,-1.7360425859862996,0,4.002240203723337,1]},{"name":"MooMoo_frontFootIK_R_tip","world_matrix":[0,0,1,0,0,1,0,0,-1,0,0,0,-1.7360425859862996,0,5.113457337893543,1]},{"name":"MooMoo_frontFootIK_R_phalanges","world_matrix":[0,0,1,0,0,1,0,0,-1,0,0,0,-1.7360425859862996,0,4.788195142789128,1]},{"name":"MooMoo_frontFootIK_R_ankle","world_matrix":[0,0,1,0,0,1,0,0,-1,0,0,0,-1.7360425859862996,0.6998984158596466,4.43792688674026,1]},{"name":"MooMoo_frontFootIK_R_posBank","world_matrix":[0,0,1,0,0,1,0,0,-1,0,0,0,-2.2029466620567932,0,4.626451526168615,1]},{"name":"MooMoo_frontFootIK_R_negBank","world_matrix":[0,0,1,0,0,1,0,0,-1,0,0,0,-1.2600762095717504,0,4.626451526168615,1]}],"settings":{"inputs":[{"name":"componentPosition","index":0,"type":"doubleMatrix"},{"name":"footRoll","index":1,"type":"double"},{"name":"bendStartAngle","index":2,"type":"angle"},{"name":"bank","index":3,"type":"double"},{"name":"heelTwist","index":4,"type":"double"},{"name":"tipTwist","index":5,"type":"double"}],"outputs":[{"name":"ankleOutputMatrix","index":0,"type":"doubleMatrix"},{"name":"phalanxOutputMatrix","index":1,"type":"doubleMatrix"},{"name":"ankleOffsetMatrix","index":2,"type":"doubleMatrix"}],"joints":false,"tweaks":true,"phalanges":false}},"6b2e34da-fdb2-11ef-8eab-846993801060":{"name":"MooMoo_frontLegIK_L","cmpt_tag":"two_bone_ik_01","guides_data":[{"name":"MooMoo_frontLegIK_L_start","world_matrix":[4.440892098500586e-16,-0.9953648285634261,0.09617098345594265,0,-6.106226635438365e-16,0.09617098345594377,0.9953648285634362,0,-1.0000000000000044,-3.885780586188063e-16,-4.440892098500646e-16,0,1.733058992696773,3.7811971698229163,4.213203927630947,1]},{"name":"MooMoo_frontLegIK_L_mid","world_matrix":[4.754381220222612e-16,-0.999033916041332,0.04394581435203536,0,-5.865439929507232e-16,0.04394581435203932,0.9990339160413947,0,-0.9999999999999988,-3.885780586188041e-16,-4.4408920985006207e-16,0,1.7330589926967737,2.0867081894428665,4.376923467463997,1]},{"name":"MooMoo_frontLegIK_L_end","world_matrix":[-5.639070865002176e-16,-0.0023468247424393157,0.9999972462029844,0,-5.020797360314982e-16,0.9999972462030654,0.0023468247424465183,0,-0.9999999999999977,-3.8857805861880366e-16,-4.440892098500616e-16,0,1.7330589926967743,0.6998984158596466,4.43792688674026,1]}],"settings":{"inputs":[{"name":"componentPosition","index":0,"type":"doubleMatrix"},{"name":"start_wMtx","index":1,"type":"doubleMatrix"},{"name":"endPos_offsetMtx","index":2,"type":"doubleMatrix"}],"outputs":[{"name":"startOutputMatrix","index":0,"type":"doubleMatrix"},{"name":"midOutputMatrix","index":1,"type":"doubleMatrix"},{"name":"endOutputMatrix","index":2,"type":"doubleMatrix"}],"joints":false,"root_control":true,"neutralise_end_rotation":true,"pole_vector_distance":5,"min_length_percentage":0.1,"pop_removal_percentage":0.000001}},"fcd39e15-fdb2-11ef-bdd3-846993801060":{"name":"MooMoo_frontLegIK_R","cmpt_tag":"two_bone_ik_01","guides_data":[{"name":"MooMoo_frontLegIK_R_start","world_matrix":[-4.4408920985005857e-16,-0.995364828563426,0.09617098345594259,0,5.551115123125788e-16,0.09617098345594377,0.9953648285634362,0,1.0000000000000044,-5.551115123125806e-16,-5.551115123125807e-16,0,-1.733058992696773,3.7811971698229163,4.213203927630947,1]},{"name":"MooMoo_frontLegIK_R_mid","world_matrix":[-4.725328928404203e-16,-0.9990339160413184,0.0439458143520347,0,5.311262792770283e-16,0.04398252011729731,0.999032301416796,0,1.0000000000000022,-5.551115123125794e-16,-5.551115123125795e-16,0,-1.7330589926967737,2.0867081894428665,4.376923467463997,1]},{"name":"MooMoo_frontLegIK_R_end","world_matrix":[5.086832626419708e-16,-0.002310158324594469,0.9999956333091808,0,4.965928962190084e-16,0.9999974168391259,0.0023101341842353684,0,1.000001613067301,-5.551124077448071e-16,-5.551124077448072e-16,0,-1.7330589926967743,0.6998984158596468,4.43792688674026,1]}],"settings":{"inputs":[{"name":"componentPosition","index":0,"type":"doubleMatrix"},{"name":"start_wMtx","index":1,"type":"doubleMatrix"},{"name":"endPos_offsetMtx","index":2,"type":"doubleMatrix"}],"outputs":[{"name":"startOutputMatrix","index":0,"type":"doubleMatrix"},{"name":"midOutputMatrix","index":1,"type":"doubleMatrix"},{"name":"endOutputMatrix","index":2,"type":"doubleMatrix"}],"joints":false,"root_control":true,"neutralise_end_rotation":true,"pole_vector_distance":5,"min_length_percentage":0.1,"pop_removal_percentage":0.000001}},"3e5a0124-fdcb-11ef-bd04-846993801060":{"name":"MooMoo_shoulder_L","cmpt_tag":"single_point_01","guides_data":[{"name":"MooMoo_shoulder_L_point","world_matrix":[5.551115123125732e-16,-0.9953648285634261,0.0961709834559426,0,-5.551115123125788e-16,0.09617098345594377,0.9953648285634362,0,-1.0000000000000044,-5.551115123125806e-16,-4.440892098500646e-16,0,1.7201336794903415,5.552095045495649,4.042101849863855,1]}],"settings":{"inputs":[{"name":"componentPosition","index":0,"type":"doubleMatrix"}],"outputs":[{"name":"outputWorldMatrix","index":0,"type":"doubleMatrix"}],"joints":false,"create_control":true,"movable_pivot":true}},"769ec963-fdcb-11ef-a90b-846993801060":{"name":"MooMoo_shoulder_R","cmpt_tag":"single_point_01","guides_data":[{"name":"MooMoo_shoulder_R_point","world_matrix":[-4.4408920985005857e-16,-0.995364828563426,0.09617098345594259,0,5.551115123125788e-16,0.09617098345594377,0.9953648285634362,0,1.0000000000000044,-5.551115123125806e-16,-5.551115123125807e-16,0,-1.7201336794903415,5.552095045495649,4.042101849863855,1]}],"settings":{"inputs":[{"name":"componentPosition","index":0,"type":"doubleMatrix"}],"outputs":[{"name":"outputWorldMatrix","index":0,"type":"doubleMatrix"}],"joints":false,"create_control":true,"movable_pivot":true}},"bea48865-fdce-11ef-86e2-846993801060":{"name":"MooMoo_scapula_L","cmpt_tag":"single_point_01","guides_data":[{"name":"MooMoo_scapula_L_point","world_matrix":[0,0.9998666915329265,0.01632786461798972,0,0,-0.016327864617989865,0.9998666915329355,0,1.0000000000000007,0,0,