{"8b89e14f-fff8-11ef-a3f6-846993801060":{"name":"Farmer_spineHead_M","cmpt_tag":"fk_chain_01","guides_data":[{"name":"Farmer_spineHead_M_FK001","world_matrix":[-4.4408920985006163e-16,0.9993286185620868,-0.036637578014744605,0,-0.9999999999999976,-4.4408920985006163e-16,0,0,-1.3877787807814454e-17,0.03663757801474469,0.9993286185620892,0,-2.721325043357813e-15,6.129248575460645,-0.270405616248337,1]},{"name":"Farmer_spineHead_M_FK002","world_matrix":[-4.440892098500626e-16,0.999328618562089,-0.03663757801474469,0,-0.9999999999999998,-4.440892098500626e-16,0,0,-1.3877787807814454e-17,0.03663757801474469,0.9993286185620892,0,-3.3272262131707658e-15,7.492700705312593,-0.32039276046591925,1]},{"name":"Farmer_spineHead_M_FK003","world_matrix":[-4.440892098500626e-16,0.999328618562089,-0.03663757801474469,0,-0.9999999999999998,-4.440892098500626e-16,0,0,-1.3877787807814454e-17,0.03663757801474469,0.9993286185620892,0,-3.933127382983714e-15,8.856152835164535,-0.3703799046835011,1]},{"name":"Farmer_spineHead_M_FK004","world_matrix":[-4.440892098500626e-16,0.999328618562089,-0.03663757801474469,0,-0.9999999999999998,-4.440892098500626e-16,0,0,-1.3877787807814454e-17,0.03663757801474469,0.9993286185620892,0,-4.539028552796671e-15,10.21960496501648,-0.42036704890108423,1]},{"name":"Farmer_spineHead_M_FK005","world_matrix":[-4.440892098500626e-16,0.999328618562089,-0.03663757801474469,0,-0.9999999999999998,-4.440892098500626e-16,0,0,-1.3877787807814454e-17,0.03663757801474469,0.9993286185620892,0,-5.1449297226096274e-15,11.583057094868424,-0.4703541931186667,1]},{"name":"Farmer_spineHead_M_FK006","world_matrix":[-4.440892098500626e-16,0.999328618562089,-0.03663757801474469,0,-0.9999999999999998,-4.440892098500626e-16,0,0,-1.3877787807814454e-17,0.03663757801474469,0.9993286185620892,0,-5.593987325042834e-15,12.593802828152858,-0.5074103475892172,1]}],"settings":{"inputs":[{"name":"componentPosition","index":0,"type":"doubleMatrix"}],"outputs":[{"name":"outputMatrix001","index":0,"type":"doubleMatrix"},{"name":"outputMatrix002","index":1,"type":"doubleMatrix"},{"name":"outputMatrix003","index":2,"type":"doubleMatrix"},{"name":"outputMatrix004","index":3,"type":"doubleMatrix"},{"name":"outputMatrix005","index":4,"type":"doubleMatrix"},{"name":"outputMatrix006","index":5,"type":"doubleMatrix"}],"joints":true,"n_points":6}},"f331c613-fff8-11ef-a048-846993801060":{"name":"Farmer_armIK_L","cmpt_tag":"two_bone_ik_01","guides_data":[{"name":"Farmer_armIK_L_start","world_matrix":[0.6938760630645583,-0.7107244260567841,-0.11578773385934965,0,-0.1740894892276984,-0.009542724148912994,-0.9846835969773522,0,0.698733753905211,0.7034058050813002,-0.13035112017723358,0,2.1152540620476272,10.551546082743183,-1.0224467319980963,1]},{"name":"Farmer_armIK_L_mid","world_matrix":[0.7124371657175071,-0.7007239935591936,0.03767186954295007,0,-0.06484154577072909,-0.11918958942954348,-0.990751944592431,0,0.6987337539052111,0.7034058050813004,-0.1303511201772336,0,3.8692571775860407,8.754953111821134,-1.3151388376076485,1]},{"name":"Farmer_armIK_L_end","world_matrix":[0.707138291249937,-0.7067014801865684,-0.022988148038318827,0,-0.10828932635144992,-0.07611367341050104,-0.9912013572016076,0,0.698733753905211,0.7034058050813002,-0.13035112017723358,0,5.298218644646829,7.349485185632013,-1.2395789811607971,1]}],"settings":{"inputs":[{"name":"componentPosition","index":0,"type":"doubleMatrix"},{"name":"start_wMtx","index":1,"type":"doubleMatrix"},{"name":"endPos_offsetMtx","index":2,"type":"doubleMatrix"}],"outputs":[{"name":"startOutputMatrix","index":0,"type":"doubleMatrix"},{"name":"midOutputMatrix","index":1,"type":"doubleMatrix"},{"name":"endOutputMatrix","index":2,"type":"doubleMatrix"}],"joints":true,"root_control":true,"neutralise_end_rotation":true,"pole_vector_distance":6.5,"min_length_percentage":0.1,"pop_removal_percentage":0.000001}},"6002071c-fff9-11ef-8f69-846993801060":{"name":"Farmer_armIK_R","cmpt_tag":"two_bone_ik_01","guides_data":[{"name":"Farmer_armIK_R_start","world_matrix":[-0.6938760630645583,-0.7107244260567841,-0.11578773385934943,0,0.17408948922769846,-0.009542724148913441,-0.9846835969773525,0,-0.6987337539052098,0.7034058050812992,-0.13035112017723363,0,-2.1152540620476272,10.551546082743183,-1.0224467319980963,1]},{"name":"Farmer_armIK_R_mid","world_matrix":[-0.712437165717507,-0.7007239935591933,0.03767186954295035,0,0.06484154577072895,-0.11918958942954365,-0.9907519445924289,0,-0.6987337539052105,0.7034058050813,-0.13035112017723377,0,-3.8692571775860323,8.754953111821141,-1.3151388376076465,1]},{"name":"Farmer_armIK_R_end","world_matrix":[-0.7071382912499372,-0.7067014801865685,-0.022988148038318577,0,0.10828932635145005,-0.07611367341050126,-0.9912013572016073,0,-0.6987337539052106,0.7034058050813001,-0.1303511201772338,0,-5.29821864464683,7.349485185632012,-1.239578981160794,1]}],"settings":{"inputs":[{"name":"componentPosition","index":0,"type":"doubleMatrix"},{"name":"start_wMtx","index":1,"type":"doubleMatrix"},{"name":"endPos_offsetMtx","index":2,"type":"doubleMatrix"}],"outputs":[{"name":"startOutputMatrix","index":0,"type":"doubleMatrix"},{"name":"midOutputMatrix","index":1,"type":"doubleMatrix"},{"name":"endOutputMatrix","index":2,"type":"doubleMatrix"}],"joints":true,"root_control":true,"neutralise_end_rotation":true,"pole_vector_distance":6.5,"min_length_percentage":0.1,"pop_removal_percentage":0.000001}},"8636263a-fff9-11ef-8050-846993801060":{"name":"Farmer_legIK_L","cmpt_tag":"two_bone_ik_01","guides_data":[{"name":"Farmer_legIK_L_start","world_matrix":[0.0223341857423216,-0.9997404217601616,0.004502582152680958,0,0.49726297161350863,0.015015715912071185,0.8674699218634334,0,-0.8673123550424785,-0.017135266979599,0.4974692567548344,0,1.283343558781836,5.461476911538963,-0.3666806184484596,1]},{"name":"Farmer_legIK_L_mid","world_matrix":[-0.0029506401586124782,-0.9992127590511704,-0.03956205090742306,0,0.49775553488969254,-0.03578050830948335,0.866579011234285,0,-0.8673123550424783,-0.017135266979598995,0.4974692567548343,0,1.3229707121442456,3.6876550461365007,-0.3586917660430175,1]},{"name":"Farmer_legIK_L_end","world_matrix":[0.497542272871603,0.0000022048480035827267,0.867439730875235,0,-0.014864908221356238,0.9998531805323606,0.008523607387377004,0,-0.867312355042478,-0.01713526697959899,0.49746925675483405,0,1.3162739829751091,1.4198565786819368,-0.4484812103875917,1]}],"settings":{"inputs":[{"name":"componentPosition","index":0,"type":"doubleMatrix"},{"name":"start_wMtx","index":1,"type":"doubleMatrix"},{"name":"endPos_offsetMtx","index":2,"type":"doubleMatrix"}],"outputs":[{"name":"startOutputMatrix","index":0,"type":"doubleMatrix"},{"name":"midOutputMatrix","index":1,"type":"doubleMatrix"},{"name":"endOutputMatrix","index":2,"type":"doubleMatrix"}],"joints":true,"root_control":true,"neutralise_end_rotation":true,"pole_vector_distance":6.5,"min_length_percentage":0.1,"pop_removal_percentage":0.000001}},"e56c638b-fff9-11ef-ae20-846993801060":{"name":"Farmer_legIK_R","cmpt_tag":"two_bone_ik_01","guides_data":[{"name":"Farmer_legIK_R_start","world_matrix":[-0.02233418574232203,-0.999740421760161,0.004502582152680899,0,-0.497262971613509,0.015015715912071407,0.8674699218634332,0,0.8673123550424777,-0.017135266979599374,0.4974692567548343,0,-1.283343558781836,5.461476911538963,-0.3666806184484596,1]},{"name":"Farmer_legIK_R_mid","world_matrix":[0.0029506401586120515,-0.9992127590511691,-0.039562050907423055,0,-0.4977555348896928,-0.03578050830948306,0.8665790112342845,0,0.8673123550424781,-0.01713526697959938,0.4974692567548345,0,-1.3229707121442464,3.6876550461364976,-0.3586917660430176,1]},{"name":"Farmer_legIK_R_end","world_matrix":[-0.4975422728716031,0.000002204848004484783,0.867439730875234,0,0.014864908221357043,0.9998531805323616,0.00852360738737646,0,0.8673123550424773,-0.017135266979599367,0.49746925675483405,0,-1.316273982975111,1.4198565786819346,-0.4484812103875918,1]}],"settings":{"inputs":[{"name":"componentPosition","index":0,"type":"doubleMatrix"},{"name":"start_wMtx","index":1,"type":"doubleMatrix"},{"name":"endPos_offsetMtx","index":2,"type":"doubleMatrix"}],"outputs":[{"name":"startOutputMatrix","index":0,"type":"doubleMatrix"},{"name":"midOutputMatrix","index":1,"type":"doubleMatrix"},{"name":"endOutputMatrix","index":2,"type":"doubleMatrix"}],"joints":true,"root_control":true,"neutralise_end_rotation":true,"pole_vector_distance":6.5,"min_length_percentage":0.1,"pop_removal_percentage":0.000001}},"682c3cda-fffa-11ef-ae70-846993801060":{"name":"Farmer_master_M","cmpt_tag":"global_01","guides_data":[{"name":"Farmer_master_M_root","world_matrix":[1,0,0,0,0,1,0,0,0,0,1,0,0,0,0,1]}],"settings":{"inputs":[{"name":"componentPosition","index":0,"type":"doubleMatrix"}],"outputs":[{"name":"globalOutput","index":0,"type":"doubleMatrix"}],"n_offsets":1}},"c71ecf15-fffd-11ef-aa90-846993801060":{"name":"Farmer_footIK_L","cmpt_tag":"foot_roll_01","guides_data":[{"name":"Farmer_footIK_L_heel","world_matrix":[0.49731904046497566,0,0.8675677333735943,0,0,1,0,0,-0.8675677333735943,0,0.49731904046497566,0,0.9631536105886688,0,-1.0746328791888828,1]},{"name":"Farmer_footIK_L_tip","world_matrix":[0.49731904046497566,0,0.8675677333735943,0,0,1,0,0,-0.8675677333735943,0,0.49731904046497566,0,2.499545367834579,0,1.605586066704424,1]},{"name":"Farmer_footIK_L_phalanges","world_matrix":[0.49731904046497566,0,0.8675677333735943,0,0,1,0,0,-0.8675677333735943,0,0.49731904046497566,0,2.000431725322527,0,0.7348876693030983,1]},{"name":"Farmer_footIK_L_ankle","world_matrix":[0.49731904046497566,0,0.8675677333735943,0,0,1,0,0,-0.8675677333735943,0,0.49731904046497566,0,1.3206520888652937,1.4192632233645401,-0.45098061726668204,1]},{"name":"Farmer_footIK_L_posBank","world_matrix":[0.49731904046497566,0,0.8675677333735943,0,0,1,0,0,-0.8675677333735943,0,0.49731904046497566,0,1.0291655494892669,0,0.6284114917007166,1]},{"name":"Farmer_footIK_L_negBank","world_matrix":[0.49731904046497566,0,0.8675677333735943,0,0,1,0,0,-0.8675677333735943,0,0.49731904046497566,0,2.3826058497374305,0,-0.1474260660524812,1]}],"settings":{"inputs":[{"name":"componentPosition","index":0,"type":"doubleMatrix"},{"name":"footRoll","index":1,"type":"double"},{"name":"bendStartAngle","index":2,"type":"angle"},{"name":"bank","index":3,"type":"double"},{"name":"heelTwist","index":4,"type":"double"},{"name":"tipTwist","index":5,"type":"double"}],"outputs":[{"name":"ankleOutputMatrix","index":0,"type":"doubleMatrix"},{"name":"phalanxOutputMatrix","index":1,"type":"doubleMatrix"},{"name":"ankleOffsetMatrix","index":2,"type":"doubleMatrix"}],"joints":true,"tweaks":true,"phalanges":true}},"46a55c7a-fffe-11ef-8883-846993801060":{"name":"Farmer_footIK_R","cmpt_tag":"foot_roll_01","guides_data":[{"name":"Farmer_footIK_R_heel","world_matrix":[-0.49731904046497566,0,0.8675677333735943,0,0,1,0,0,-0.8675677333735943,0,-0.49731904046497566,0,-0.9631536105886688,0,-1.0746328791888828,1]},{"name":"Farmer_footIK_R_tip","world_matrix":[-0.49731904046497566,0,0.8675677333735943,0,0,1,0,0,-0.8675677333735943,0,-0.49731904046497566,0,-2.4993721265849786,0,1.6052838492021504,1]},{"name":"Farmer_footIK_R_phalanges","world_matrix":[-0.49731904046497566,0,0.8675677333735943,0,0,1,0,0,-0.8675677333735943,0,-0.49731904046497566,0,-2.000431725322527,0,0.7348876693030983,1]},{"name":"Farmer_footIK_R_ankle","world_matrix":[-0.49731904046497566,0,0.8675677333735943,0,0,1,0,0,-0.8675677333735943,0,-0.49731904046497566,0,-1.3206520888652937,1.4192632233645401,-0.45098061726668204,1]},{"name":"Farmer_footIK_R_posBank","world_matrix":[-0.49731904046497566,0,0.8675677333735943,0,0,1,0,0,-0.8675677333735943,0,-0.49731904046497566,0,-2.399378714633414,0,-0.15704083704388405,1]},{"name":"Farmer_footIK_R_negBank","world_matrix":[-0.49731904046497566,0,0.8675677333735943,0,0,1,0,0,-0.8675677333735943,0,-0.49731904046497566,0,-1.0459384143852484,0,0.6187967207093112,1]}],"settings":{"inputs":[{"name":"componentPosition","index":0,"type":"doubleMatrix"},{"name":"footRoll","index":1,"type":"double"},{"name":"bendStartAngle","index":2,"type":"angle"},{"name":"bank","index":3,"type":"double"},{"name":"heelTwist","index":4,"type":"double"},{"name":"tipTwist","index":5,"type":"double"}],"outputs":[{"name":"ankleOutputMatrix","index":0,"type":"doubleMatrix"},{"name":"phalanxOutputMatrix","index":1,"type":"doubleMatrix"},{"name":"ankleOffsetMatrix","index":2,"type":"doubleMatrix"}],"joints":true,"tweaks":true,"phalanges":true}},"8a3e121c-0017-11f0-9363-846993801060":{"name":"Farmer_thumb_L","cmpt_tag":"fk_chain_01","guides_data":[{"name":"Farmer_thumb_L_FK001","world_matrix":[0.14676685503352133,-0.8324495881968381,0.5343099974494987,0,-0.3931719659656746,0.44656325486515414,0.8037394257985148,0,-0.9076757655915775,-0.3280380199232304,-0.2617551566685757,0,5.271248995256111,6.9911890228520726,-0.738402265966009,1]},{"name":"Farmer_thumb_L_FK002","world_matrix":[0.21571429310998202,-0.899694127695893,0.379496798850249,0,-0.3599889558108763,0.2879957188472985,0.887393045735554,0,-0.907675765591577,-0.32803801992323023,-0.2617551566685756,0,5.331682147391456,6.648417130676448,-0.5183932090442208,1]}],"settings":{"inputs":[{"name":"componentPosition","index":0,"type":"doubleMatrix"}],"outputs":[{"name":"outputMatrix001","index":0,"type":"doubleMatrix"},{"name":"outputMatrix002","index":1,"type":"doubleMatrix"}],"joints":true,"n_points":2}},"04b3076f-0018-11f0-8a1d-846993801060":{"name":"Farmer_index_L","cmpt_tag":"fk_chain_01","guides_data":[{"name":"Farmer_index_L_FK001","world_matrix":[0.7333224649177255,-0.6168373086054951,0.28591938926788435,0,0.6059238824434581,0.7836956987477103,0.13666492033065755,0,-0.3083738171953604,0.07302593016639655,0.948458118417305,0,5.804966643250052,6.790866729503303,-0.9428378603907827,1]},{"name":"Farmer_index_L_FK002","world_matrix":[0.3366820770813017,-0.9241330715289956,0.18061906067357233,0,0.8896913891010649,0.375027038531512,0.260391921014653,0,-0.3083738171953605,0.07302593016639658,0.9484581184173054,0,6.101081647267456,6.541788335135158,-0.8273838477945481,1]},{"name":"Farmer_index_L_FK003","world_matrix":[0.33668207708130177,-0.9241330715289958,0.18061906067357236,0,0.8896913891010648,0.3750270385315119,0.26039192101465297,0,-0.30837381719536033,0.07302593016639654,0.9484581184173049,0,6.2868488578305195,6.0318900228303995,-0.7277257389735442,1]}],"settings":{"inputs":[{"name":"componentPosition","index":0,"type":"doubleMatrix"}],"outputs":[{"name":"outputMatrix001","index":0,"type":"doubleMatrix"},{"name":"outputMatrix002","index":1,"type":"doubleMatrix"},{"name":"outputMatrix003","index":2,"type":"doubleMatrix"}],"joints":true,"n_points":3}},"68bb6e0f-0018-11f0-a790-846993801060":{"name":"Farmer_middle_L","cmpt_tag":"fk_chain_01","guides_data":[{"name":"Farmer_middle_L_FK001","world_matrix":[0.7859108136992133,-0.6069044646880999,0.11836876130250916,0,0.613114002212711,0.789692534471754,-0.021838527658474317,0,-0.08022102717711793,0.08973668002120679,0.9927295276445742,0,5.899386247961861,6.830771303438476,-1.2110400831909978,1]},{"name":"Farmer_middle_L_FK002","world_matrix":[0.3787961289957535,-0.9184773527030016,0.11363470081588876,0,0.9219967892875114,0.38515799463396344,0.03968928965179109,0,-0.08022102717711789,0.08973668002120674,0.9927295276445738,0,6.233549830146989,6.544935758857706,-1.158199025128314,1]},{"name":"Farmer_middle_L_FK003","world_matrix":[0.37879612899575366,-0.918477352703002,0.11363470081588882,0,0.9219967892875122,0.3851579946339638,0.039689289651791124,0,-0.08022102717711795,0.0897366800212068,0.9927295276445744,0,6.4425538284163615,6.03815803770274,-1.095500108759687,1]}],"settings":{"inputs":[{"name":"componentPosition","index":0,"type":"doubleMatrix"}],"outputs":[{"name":"outputMatrix001","index":0,"type":"doubleMatrix"},{"name":"outputMatrix002","index":1,"type":"doubleMatrix"},{"name":"outputMatrix003","index":2,"type":"doubleMatrix"}],"joints":true,"n_points":3}},"acc1fc3e-0018-11f0-958f-846993801060":{"name":"Farmer_ring_L","cmpt_tag":"fk_chain_01","guides_data":[{"name":"Farmer_ring_L_FK001","world_matrix":[0.6950288946348612,-0.7188340073663286,0.014577567571689265,0,0.7077177295596915,0.6804245523357008,-0.19015268561247375,0,0.12676928212117408,0.14247841391742685,0.9816462961158955,0,5.9287170493029135,6.808313733325839,-1.5091903639978432,1]},{"name":"Farmer_ring_L_FK002","world_matrix":[0.3655692464625397,-0.9266819026422168,0.08729133608903779,0,0.9221109885210637,0.3477938367524263,-0.16956052596560944,0,0.126769282121174,0.14247841391742677,0.9816462961158949,0,6.220597914839635,6.475369326261424,-1.498559382865933,1]},{"name":"Farmer_ring_L_FK003","world_matrix":[0.36556924646253963,-0.9266819026422167,0.08729133608903777,0,0.9221109885210653,0.3477938367524269,-0.16956052596560975,0,0.12676928212117405,0.14247841391742683,0.9816462961158954,0,6.401816109572128,6.015999116340594,-1.4552877496667105,1]}],"settings":{"inputs":[{"name":"componentPosition","index":0,"type":"doubleMatrix"}],"outputs":[{"name":"outputMatrix001","index":0,"type":"doubleMatrix"},{"name":"outputMatrix002","index":1,"type":"doubleMatrix"},{"name":"outputMatrix003","index":2,"type":"doubleMatrix"}],"joints":true,"n_points":3}},"ea099fdf-0018-11f0-a666-846993801060":{"name":"Farmer_pinky_L","cmpt_tag":"fk_chain_01","guides_data":[{"name":"Farmer_pinky_L_FK001","world_matrix":[0.6396090410526152,-0.7459443326338965,-0.18565378319636686,0,0.6280718040955678,0.6463743532769377,-0.4332735906167827,0,0.4431998234474967,0.16052179925851437,0.8819334830127025,0,5.790321490836981,6.763424985905735,-1.7054628329128034,1]},{"name":"Farmer_pinky_L_FK002","world_matrix":[0.3437161607427708,-0.9390718484095575,-0.0018067564597765706,0,0.8279088822692737,0.3039355449556124,-0.47137041397628937,0,0.4431998234474968,0.1605217992585144,0.8819334830127027,0,6.059439128182532,6.419237223373686,-1.7780570269953815,1]},{"name":"Farmer_pinky_L_FK003","world_matrix":[0.34371616074277,-0.9390718484095554,-0.0018067564597765665,0,0.8279088822692756,0.3039355449556131,-0.4713704139762904,0,0.4431998234474964,0.16052179925851426,0.8819334830127019,0,6.1947779578830335,6.049476067268048,-1.7787684404601767,1]}],"settings":{"inputs":[{"name":"componentPosition","index":0,"type":"doubleMatrix"}],"outputs":[{"name":"outputMatrix001","index":0,"type":"doubleMatrix"},{"name":"outputMatrix002","index":1,"type":"doubleMatrix"},{"name":"outputMatrix003","index":2,"type":"doubleMatrix"}],"joints":true,"n_points":3}},"c82a0994-001a-11f0-b2d4-846993801060":{"name":"Farmer_thumb_R","cmpt_tag":"fk_chain_01","guides_data":[{"name":"Farmer_thumb_R_FK001","world_matrix":[-0.14676685503352144,-0.8324495881968381,0.5343099974494986,0,0.39317196596567505,0.4465632548651539,0.8037394257985147,0,0.9076757655915771,-0.3280380199232307,-0.261755156668576,0,-5.271248995256111,6.9911890228520726,-0.738402265966009,1]},{"name":"Farmer_thumb_R_FK002","world_matrix":[-0.21571429310998202,-0.8996941276958923,0.3794967988502487,0,0.35998895581087687,0.2879957188472984,0.8873930457355543,0,0.9076757655915767,-0.3280380199232305,-0.2617551566685759,0,-5.331682147391456,6.648417130676448,-0.5183932090442209,1]}],"settings":{"inputs":[{"name":"componentPosition","index":0,"type":"doubleMatrix"}],"outputs":[{"name":"outputMatrix001","index":0,"type":"doubleMatrix"},{"name":"outputMatrix002","index":1,"type":"doubleMatrix"}],"joints":true,"n_points":2}},"dec6b148-001a-11f0-989d-846993801060":{"name":"Farmer_index_R","cmpt_tag":"fk_chain_01","guides_data":[{"name":"Farmer_index_R_FK001","world_matrix":[-0.7333224649177256,-0.6168373086054953,0.2859193892678844,0,-0.6059238824434584,0.7836956987477102,0.13666492033065739,0,0.3083738171953603,0.07302593016639675,0.9484581184173051,0,-5.804966643250052,6.790866729503303,-0.9428378603907827,1]},{"name":"Farmer_index_R_FK002","world_matrix":[-0.3366820770813014,-0.9241330715289957,0.18061906067357242,0,-0.8896913891010654,0.37502703853151165,0.26039192101465297,0,0.30837381719536033,0.07302593016639676,0.9484581184173053,0,-6.101081647267458,6.541788335135161,-0.8273838477945472,1]},{"name":"Farmer_index_R_FK003","world_matrix":[-0.3366820770813013,-0.9241330715289956,0.1806190606735724,0,-0.8896913891010654,0.37502703853151165,0.26039192101465297,0,0.3083738171953602,0.07302593016639673,0.948458118417305,0,-6.2868488578305195,6.0318900228303995,-0.727725738973544,1]}],"settings":{"inputs":[{"name":"componentPosition","index":0,"type":"doubleMatrix"}],"outputs":[{"name":"outputMatrix001","index":0,"type":"doubleMatrix"},{"name":"outputMatrix002","index":1,"type":"doubleMatrix"},{"name":"outputMatrix003","index":2,"type":"doubleMatrix"}],"joints":true,"n_points":3}},"eec95763-001a-11f0-97d4-846993801060":{"name":"Farmer_middle_R","cmpt_tag":"fk_chain_01","guides_data":[{"name":"Farmer_middle_R_FK001","world_matrix":[-0.7859108136992133,-0.6069044646880999,0.11836876130250917,0,-0.6131140022127107,0.7896925344717541,-0.02183852765847417,0,0.08022102717711803,0.08973668002120667,0.992729527644574,0,-5.899386247961861,6.830771303438476,-1.2110400831909978,1]},{"name":"Farmer_middle_R_FK002","world_matrix":[-0.37879612899575305,-0.9184773527030019,0.11363470081588867,0,-0.9219967892875115,0.38515799463396316,0.03968928965179129,0,0.080221027177118,0.08973668002120665,0.9927295276445737,0,-6.233549830146989,6.544935758857704,-1.158199025128314,1]},{"name":"Farmer_middle_R_FK003","world_matrix":[-0.37879612899575293,-0.9184773527030016,0.11363470081588863,0,-0.9219967892875132,0.38515799463396383,0.03968928965179136,0,0.08022102717711802,0.08973668002120666,0.9927295276445739,0,-6.442553828416361,6.03815803770274,-1.095500108759687,1]}],"settings":{"inputs":[{"name":"componentPosition","index":0,"type":"doubleMatrix"}],"outputs":[{"name":"outputMatrix001","index":0,"type":"doubleMatrix"},{"name":"outputMatrix002","index":1,"type":"doubleMatrix"},{"name":"outputMatrix003","index":2,"type":"doubleMatrix"}],"joints":true,"n_points":3}},"fb792a86-001a-11f0-8a17-846993801060":{"name":"Farmer_ring_R","cmpt_tag":"fk_chain_01","guides_data":[{"name":"Farmer_ring_R_FK001","world_matrix":[-0.6950288946348612,-0.7188340073663284,0.01457756757168927,0,-0.7077177295596914,0.680424552335701,-0.19015268561247345,0,-0.12676928212117383,0.14247841391742666,0.981646296115895,0,-5.9287170493029135,6.808313733325839,-1.5091903639978432,1]},{"name":"Farmer_ring_R_FK002","world_matrix":[-0.3655692464625398,-0.9266819026422166,0.08729133608903764,0,-0.9221109885210632,0.3477938367524266,-0.1695605259656091,0,-0.12676928212117378,0.1424784139174266,0.9816462961158946,0,-6.220597914839634,6.475369326261422,-1.4985593828659323,1]},{"name":"Farmer_ring_R_FK003","world_matrix":[-0.36556924646253924,-0.9266819026422153,0.08729133608903751,0,-0.9221109885210663,0.34779383675242775,-0.16956052596560967,0,-0.12676928212117386,0.1424784139174267,0.9816462961158953,0,-6.401816109572127,6.015999116340594,-1.4552877496667105,1]}],"settings":{"inputs":[{"name":"componentPosition","index":0,"type":"doubleMatrix"}],"outputs":[{"name":"outputMatrix001","index":0,"type":"doubleMatrix"},{"name":"outputMatrix002","index":1,"type":"doubleMatrix"},{"name":"outputMatrix003","index":2,"type":"doubleMatrix"}],"joints":true,"n_points":3}},"0be756a8-001b-11f0-b4ef-846993801060":{"name":"Farmer_pinky_R","cmpt_tag":"fk_chain_01","guides_data":[{"name":"Farmer_pinky_R_FK001","world_matrix":[-0.6396090410526154,-0.7459443326338963,-0.18565378319636675,0,-0.6280718040955676,0.6463743532769378,-0.4332735906167826,0,-0.4431998234474964,0.16052179925851448,0.8819334830127024,0,-5.790321490836981,6.763424985905735,-1.7054628329128034,1]},{"name":"Farmer_pinky_R_FK002","world_matrix":[-0.3437161607427709,-0.9390718484095568,-0.0018067564597764874,0,-0.8279088822692736,0.3039355449556126,-0.4713704139762893,0,-0.44319982344749637,0.16052179925851445,0.8819334830127022,0,-6.059439128182532,6.419237223373686,-1.7780570269953815,1]},{"name":"Farmer_pinky_R_FK003","world_matrix":[-0.34371616074276956,-0.9390718484095532,-0.0018067564597764804,0,-0.8279088822692775,0.30393554495561403,-0.47137041397629154,0,-0.4431998234474961,0.16052179925851434,0.8819334830127017,0,-6.194777957883034,6.049476067268051,-1.7787684404601782,1]}],"settings":{"inputs":[{"name":"componentPosition","index":0,"type":"doubleMatrix"}],"outputs":[{"name":"outputMatrix001","index":0,"type":"doubleMatrix"},{"name":"outputMatrix002","index":1,"type":"doubleMatrix"},{"name":"outputMatrix003","index":2,"type":"doubleMatrix"}],"joints":true,"n_points":3}}}