{"61cde978-e9ed-11ef-9cd2-0242ac120002":{"name":"MooMoo_head_M","cmpt_tag":"single_point_01","guides_data":[{"name":"MooMoo_head_M_point","world_matrix":[3.588351144223617e-06,0.0,0.9999999999935604,0.0,0.0,1.000000000000001,0.0,0.0,-0.9999999999935668,0.0,3.58835114422364e-06,0.0,-0.00031598201411132525,8.046467399760147,5.0224669184507365,1.0]}],"settings":{"inputs":[{"name":"componentPosition","index":0,"type":"doubleMatrix"}],"outputs":[{"name":"outputWorldMatrix","index":0,"type":"doubleMatrix"}],"joints":true,"create_control":true,"movable_pivot":false}},"6bdbf43c-e9ed-11ef-9cd2-0242ac120002":{"name":"MooMoo_backLegIK_R","cmpt_tag":"quadruped_back_leg_01","guides_data":[{"name":"MooMoo_backLegIK_R_femur","world_matrix":[0.0,-0.9692556418792013,0.24605588935308453,0.0,0.0,-0.24605588935308464,-0.9692556418792013,0.0,1.0,0.0,0.0,0.0,-1.5791167642528303,6.32581936895955,-2.208123058739191,1.0]},{"name":"MooMoo_backLegIK_R_knee","world_matrix":[0.0,-0.6565796772812786,-0.7542566720826619,0.0,0.0,0.7542566720826619,-0.6565796772812785,0.0,1.0,0.0,0.0,0.0,-1.5791167642528303,3.1703287293490514,-1.4070680819847081,1.0]},{"name":"MooMoo_backLegIK_R_heel","world_matrix":[0.0,-0.9123605605508057,0.40938760063223695,0.0,0.0,-0.40938760063223706,-0.9123605605508056,0.0,1.0,0.0,0.0,0.0,-1.5791167642528303,1.757281106505222,-3.0303297124903903,1.0]},{"name":"MooMoo_backLegIK_R_ankle","world_matrix":[0.0,-0.9123605605508057,0.40938760063223695,0.0,0.0,-0.40938760063223706,-0.9123605605508056,0.0,1.0,0.0,0.0,0.0,-1.5791167642528303,0.616601844509979,-2.5184926533815872,1.0]}],"settings":{"inputs":[{"name":"componentPosition","index":0,"type":"doubleMatrix"},{"name":"start_wMtx","index":1,"type":"doubleMatrix"},{"name":"endPos_offsetMtx","index":2,"type":"doubleMatrix"}],"outputs":[{"name":"hipOutputMatrix","index":0,"type":"doubleMatrix"},{"name":"kneeOutputMatrix","index":1,"type":"doubleMatrix"},{"name":"heelOutputMatrix","index":2,"type":"doubleMatrix"},{"name":"ankleOutputMatrix","index":3,"type":"doubleMatrix"}],"joints":false,"pole_vector_distance":6.5,"orient_ankle_to_world":true}},"6f117adc-e9ed-11ef-9cd2-0242ac120002":{"name":"MooMoo_spineIK_M","cmpt_tag":"quadruped_spine_01","guides_data":[{"name":"MooMoo_spineIK_M_back","world_matrix":[0.0,-0.09062898636564733,0.9958847256737567,0.0,0.0,0.995884725673778,0.09062898636564926,0.0,-1.0000000000000153,0.0,0.0,0.0,0.0,6.4208144930177715,-1.8935270168038234,1.0]},{"name":"MooMoo_spineIK_M_mid","world_matrix":[0.0,-0.09062898636564873,0.9958847256737721,0.0,0.0,0.9958847256737775,0.09062898636564921,0.0,-1.0,0.0,0.0,0.0,0.0,6.173373067770066,0.8254593102344346,1.0]},{"name":"MooMoo_spineIK_M_chest","world_matrix":[0.0,-0.09062898636564869,0.9958847256737716,0.0,0.0,0.9958847256737791,0.09062898636564935,0.0,-1.0000000000000049,0.0,0.0,0.0,0.0,5.861193257797892,3.6568527380103655,1.0]}],"settings":{"inputs":[{"name":"componentPosition","index":0,"type":"doubleMatrix"}],"outputs":[{"name":"outputMatrix001","index":0,"type":"doubleMatrix"},{"name":"outputMatrix002","index":1,"type":"doubleMatrix"},{"name":"outputMatrix003","index":2,"type":"doubleMatrix"},{"name":"outputMatrix004","index":3,"type":"doubleMatrix"},{"name":"outputMatrix005","index":4,"type":"doubleMatrix"}],"joints":false,"n_points":5}},"714efa72-e9ed-11ef-9cd2-0242ac120002":{"name":"MooMoo_tailFK_M","cmpt_tag":"fk_tail_01","guides_data":[{"name":"MooMoo_tailFK_M_FK001","world_matrix":[0.0,-0.6743023875837234,-0.7384553406258838,0.0,0.0,0.7384553406258837,-0.6743023875837233,0.0,1.0,0.0,0.0,0.0,0.0,7.180896163954076,-2.827215340849279,1.0]},{"name":"MooMoo_tailFK_M_FK002","world_matrix":[0.0,-0.6743023875837234,-0.7384553406258838,0.0,0.0,0.7384553406258837,-0.6743023875837233,0.0,1.0,0.0,0.0,0.0,0.0,7.001639620546589,-3.0235263049787844,1.0]},{"name":"MooMoo_tailFK_M_FK003","world_matrix":[0.0,-0.6743023875837234,-0.7384553406258838,0.0,0.0,0.7384553406258837,-0.6743023875837233,0.0,1.0,0.0,0.0,0.0,0.0,6.816135585651718,-3.2266791453040766,1.0]},{"name":"MooMoo_tailFK_M_FK004","world_matrix":[0.0,-0.6743023875837234,-0.7384553406258838,0.0,0.0,0.7384553406258837,-0.6743023875837233,0.0,1.0,0.0,0.0,0.0,0.0,6.624311659363448,-3.436753149839308,1.0]},{"name":"MooMoo_tailFK_M_FK005","world_matrix":[0.0,-0.6743023875837234,-0.7384553406258838,0.0,0.0,0.7384553406258837,-0.6743023875837233,0.0,1.0,0.0,0.0,0.0,0.0,6.427700334689243,-3.652070024592593,1.0]},{"name":"MooMoo_tailFK_M_FK006","world_matrix":[0.0,-0.6743023875837234,-0.7384553406258838,0.0,0.0,0.7384553406258837,-0.6743023875837233,0.0,1.0,0.0,0.0,0.0,0.0,6.22569222135348,-3.8732971370711597,1.0]},{"name":"MooMoo_tailFK_M_FK007","world_matrix":[0.0,-0.6743023875837234,-0.7384553406258838,0.0,0.0,0.7384553406258837,-0.6743023875837233,0.0,1.0,0.0,0.0,0.0,0.0,6.0237016450010445,-4.094505044102379,1.0]},{"name":"MooMoo_tailFK_M_FK008","world_matrix":[0.0,-0.6743023875837234,-0.7384553406258838,0.0,0.0,0.7384553406258837,-0.6743023875837233,0.0,1.0,0.0,0.0,0.0,0.0,5.821711085814198,-4.31571293233489,1.0]},{"name":"MooMoo_tailFK_M_FK009","world_matrix":[0.0,-0.6743023875837234,-0.7384553406258838,0.0,0.0,0.7384553406258837,-0.6743023875837233,0.0,1.0,0.0,0.0,0.0,0.0,5.614112116994323,-4.543062812828096,1.0]},{"name":"MooMoo_tailFK_M_FK010","world_matrix":[0.0,-0.6743023875837234,-0.7384553406258838,0.0,0.0,0.7384553406258837,-0.6743023875837233,0.0,1.0,0.0,0.0,0.0,0.0,5.400907769330799,-4.776551366444191,1.0]},{"name":"MooMoo_tailFK_M_FK011","world_matrix":[0.0,-0.6743023875837234,-0.7384553406258838,0.0,0.0,0.7384553406258837,-0.6743023875837233,0.0,1.0,0.0,0.0,0.0,0.0,5.187701805548933,-5.010041689935668,1.0]},{"name":"MooMoo_tailFK_M_FK012","world_matrix":[0.0,-0.6743023875837234,-0.7384553406258838,0.0,0.0,0.7384553406258837,-0.6743023875837233,0.0,1.0,0.0,0.0,0.0,0.0,4.974497222106901,-5.243530501762164,1.0]},{"name":"MooMoo_tailFK_M_FK013","world_matrix":[0.0,-0.6743023875837234,-0.7384553406258838,0.0,0.0,0.7384553406258837,-0.6743023875837233,0.0,1.0,0.0,0.0,0.0,0.0,4.761291695550848,-5.477020346430275,1.0]},{"name":"MooMoo_tailFK_M_FK014","world_matrix":[0.0,-0.6743023875837234,-0.7384553406258838,0.0,0.0,0.7384553406258837,-0.6743023875837233,0.0,1.0,0.0,0.0,0.0,0.0,4.5477836536731955,-5.710841487648654,1.0]},{"name":"MooMoo_tailFK_M_FK015","world_matrix":[0.0,-0.6743023875837234,-0.7384553406258838,0.0,0.0,0.7384553406258837,-0.6743023875837233,0.0,1.0,0.0,0.0,0.0,0.0,4.334882310053852,-5.943998209494948,1.0]},{"name":"MooMoo_tailFK_M_FK016","world_matrix":[0.0,-0.6743023875837234,-0.7384553406258838,0.0,0.0,0.7384553406258837,-0.6743023875837233,0.0,1.0,0.0,0.0,0.0,0.0,4.123044684369541,-6.175990011559667,1.0]},{"name":"MooMoo_tailFK_M_FK017","world_matrix":[0.0,-0.6743023875837234,-0.7384553406258838,0.0,0.0,0.7384553406258837,-0.6743023875837233,0.0,1.0,0.0,0.0,0.0,0.0,3.9504433770722316,-6.365012562153678,1.0]},{"name":"MooMoo_tailFK_M_FK018","world_matrix":[0.0,-0.6743023875837234,-0.7384553406258838,0.0,0.0,0.7384553406258837,-0.6743023875837233,0.0,1.0,0.0,0.0,0.0,0.0,3.777842069774921,-6.554035112747684,1.0]}],"settings":{"inputs":[{"name":"componentPosition","index":0,"type":"doubleMatrix"}],"outputs":[{"name":"outputMatrix001","index":0,"type":"doubleMatrix"},{"name":"outputMatrix002","index":1,"type":"doubleMatrix"},{"name":"outputMatrix003","index":2,"type":"doubleMatrix"},{"name":"outputMatrix004","index":3,"type":"doubleMatrix"},{"name":"outputMatrix005","index":4,"type":"doubleMatrix"},{"name":"outputMatrix006","index":5,"type":"doubleMatrix"},{"name":"outputMatrix007","index":6,"type":"doubleMatrix"},{"name":"outputMatrix008","index":7,"type":"doubleMatrix"},{"name":"outputMatrix009","index":8,"type":"doubleMatrix"},{"name":"outputMatrix010","index":9,"type":"doubleMatrix"},{"name":"outputMatrix011","index":10,"type":"doubleMatrix"},{"name":"outputMatrix012","index":11,"type":"doubleMatrix"},{"name":"outputMatrix013","index":12,"type":"doubleMatrix"},{"name":"outputMatrix014","index":13,"type":"doubleMatrix"},{"name":"outputMatrix015","index":14,"type":"doubleMatrix"},{"name":"outputMatrix016","index":15,"type":"doubleMatrix"},{"name":"outputMatrix017","index":16,"type":"doubleMatrix"},{"name":"outputMatrix018","index":17,"type":"doubleMatrix"}],"joints":true,"n_points":18,"masters_positions":[0,8]}},"75de4b10-e9ed-11ef-9cd2-0242ac120002":{"name":"MooMoo_global_M","cmpt_tag":"global_01","guides_data":[{"name":"MooMoo_global_M_root","world_matrix":[1.0000000000000002,0.0,0.0,0.0,0.0,1.0,0.0,0.0,0.0,0.0,1.0000000000000002,0.0,0.0,0.0,0.0,1.0]}],"settings":{"inputs":[{"name":"componentPosition","index":0,"type":"doubleMatrix"}],"outputs":[{"name":"globalOutput","index":0,"type":"doubleMatrix"}],"n_offsets":1}},"786a7020-e9ed-11ef-9cd2-0242ac120002":{"name":"MooMoo_backLegIK_L","cmpt_tag":"quadruped_back_leg_01","guides_data":[{"name":"MooMoo_backLegIK_L_femur","world_matrix":[0.0,-0.969255641879201,0.24605588935308445,0.0,0.0,-0.24605588935308462,-0.9692556418792012,0.0,1.0,0.0,0.0,0.0,1.5791167642528303,6.32581936895955,-2.208123058739191,1.0]},{"name":"MooMoo_backLegIK_L_knee","world_matrix":[0.0,-0.6565796772812784,-0.7542566720826618,0.0,0.0,0.7542566720826617,-0.6565796772812784,0.0,1.0,0.0,0.0,0.0,1.5791167642528303,3.1703287293490487,-1.4070680819847077,1.0]},{"name":"MooMoo_backLegIK_L_heel","world_matrix":[0.0,-0.9123605605508054,0.4093876006322368,0.0,0.0,-0.4093876006322368,-0.9123605605508055,0.0,1.0,0.0,0.0,0.0,1.5791167642528303,1.7572811065052203,-3.0303297124903894,1.0]},{"name":"MooMoo_backLegIK_L_ankle","world_matrix":[0.0,-0.9123605605508054,0.4093876006322368,0.0,0.0,-0.4093876006322368,-0.9123605605508055,0.0,1.0,0.0,0.0,0.0,1.5791167642528303,0.6166018445099795,-2.5184926533815872,1.0]}],"settings":{"inputs":[{"name":"componentPosition","index":0,"type":"doubleMatrix"},{"name":"start_wMtx","index":1,"type":"doubleMatrix"},{"name":"endPos_offsetMtx","index":2,"type":"doubleMatrix"}],"outputs":[{"name":"hipOutputMatrix","index":0,"type":"doubleMatrix"},{"name":"kneeOutputMatrix","index":1,"type":"doubleMatrix"},{"name":"heelOutputMatrix","index":2,"type":"doubleMatrix"},{"name":"ankleOutputMatrix","index":3,"type":"doubleMatrix"}],"joints":false,"pole_vector_distance":6.5,"orient_ankle_to_world":true}},"7cc1eaae-e9ed-11ef-9cd2-0242ac120002":{"name":"MooMoo_pelvis_M","cmpt_tag":"single_point_01","guides_data":[{"name":"MooMoo_pelvis_M_point","world_matrix":[0.0,-0.9999999999999999,0.0,0.0,0.0,0.0,-1.0,0.0,1.0,0.0,0.0,0.0,1.531693447805701e-17,6.804042954793123,-2.456431338340535,1.0]}],"settings":{"inputs":[{"name":"componentPosition","index":0,"type":"doubleMatrix"}],"outputs":[{"name":"outputWorldMatrix","index":0,"type":"doubleMatrix"}],"joints":false,"create_control":false,"movable_pivot":false}},"6101b67f-e9f0-11ef-b6c5-846993801060":{"name":"MooMoo_spineFK_M","cmpt_tag":"fk_chain_01","guides_data":[{"name":"MooMoo_spineFK_M_FK001","world_matrix":[0.0,-0.09062898636564781,0.9958847256737621,0.0,0.0,0.9958847256737777,0.09062898636564923,0.0,-1.0000000000000098,0.0,0.0,0.0,0.0,6.420814493017771,-1.893527016803823,1.0]},{"name":"MooMoo_spineFK_M_FK002","world_matrix":[0.0,-0.09062898636564856,0.9958847256737703,0.0,0.0,0.9958847256737813,0.09062898636564955,0.0,-1.0000000000000109,0.0,0.0,0.0,0.0,6.296369587402592,-0.5260456135481317,1.0]},{"name":"MooMoo_spineFK_M_FK003","world_matrix":[0.0,-0.09062898636564755,0.9958847256737592,0.0,0.0,0.9958847256737765,0.09062898636564912,0.0,-1.000000000000013,0.0,0.0,0.0,0.0,6.17337306777007,0.8254593102344208,1.0]},{"name":"MooMoo_spineFK_M_FK004","world_matrix":[0.0,-0.09062898636564767,0.9958847256737605,0.0,0.0,0.9958847256737794,0.09062898636564938,0.0,-1.0000000000000144,0.0,0.0,0.0,0.0,6.0340630851352675,2.356338585591765,1.0]},{"name":"MooMoo_spineFK_M_FK005","world_matrix":[0.0,-0.09062898636564584,0.9958847256737404,0.0,0.0,0.9958847256737791,0.09062898636564935,0.0,-1.0000000000000362,0.0,0.0,0.0,0.0,5.861193257797892,3.6568527380103655,1.0]}],"settings":{"inputs":[{"name":"componentPosition","index":0,"type":"doubleMatrix"}],"outputs":[{"name":"outputMatrix001","index":0,"type":"doubleMatrix"},{"name":"outputMatrix002","index":1,"type":"doubleMatrix"},{"name":"outputMatrix003","index":2,"type":"doubleMatrix"},{"name":"outputMatrix004","index":3,"type":"doubleMatrix"},{"name":"outputMatrix005","index":4,"type":"doubleMatrix"}],"joints":false,"n_points":5}},"c8dc513b-e9f0-11ef-8f2c-846993801060":{"name":"MooMoo_spineBlend_M","cmpt_tag":"components_blend_01","guides_data":{},"settings":{"inputs":[{"name":"cmpt01_wMtx001","index":0,"type":"doubleMatrix"},{"name":"cmpt01_wMtx002","index":1,"type":"doubleMatrix"},{"name":"cmpt01_wMtx003","index":2,"type":"doubleMatrix"},{"name":"cmpt01_wMtx004","index":3,"type":"doubleMatrix"},{"name":"cmpt01_wMtx005","index":4,"type":"doubleMatrix"},{"name":"cmpt02_wMtx001","index":5,"type":"doubleMatrix"},{"name":"cmpt02_wMtx002","index":6,"type":"doubleMatrix"},{"name":"cmpt02_wMtx003","index":7,"type":"doubleMatrix"},{"name":"cmpt02_wMtx004","index":8,"type":"doubleMatrix"},{"name":"cmpt02_wMtx005","index":9,"type":"doubleMatrix"}],"outputs":[{"name":"outputBlendMatrix001","index":0,"type":"doubleMatrix"},{"name":"outputBlendMatrix002","index":1,"type":"doubleMatrix"},{"name":"outputBlendMatrix003","index":2,"type":"doubleMatrix"},{"name":"outputBlendMatrix004","index":3,"type":"doubleMatrix"},{"name":"outputBlendMatrix005","index":4,"type":"doubleMatrix"}],"joints":true,"blend_attr_name":"spineBlend","n_points":5}},"0a38c559-e9f1-11ef-b4ee-846993801060":{"name":"MooMoo_backLegFK_L","cmpt_tag":"fk_chain_01","guides_data":[{"name":"MooMoo_backLegFK_L_FK001","world_matrix":[0.0,-0.9692556418792013,0.24605588935308453,0.0,0.0,-0.24605588935308464,-0.9692556418792013,0.0,1.0,0.0,0.0,0.0,1.5791167642528303,6.32581936895955,-2.208123058739191,1.0]},{"name":"MooMoo_backLegFK_L_FK002","world_matrix":[0.0,-0.6565796772812785,-0.7542566720826618,0.0,0.0,0.7542566720826618,-0.6565796772812784,0.0,1.0,0.0,0.0,0.0,1.5791167642528303,3.1703287293490514,-1.4070680819847077,1.0]},{"name":"MooMoo_backLegFK_L_FK003","world_matrix":[0.0,-0.9123605605508053,0.4093876006322368,0.0,0.0,-0.4093876006322369,-0.9123605605508053,0.0,1.0,0.0,0.0,0.0,1.5791167642528303,1.7572811065052216,-3.0303297124903903,1.0]},{"name":"MooMoo_backLegFK_L_FK004","world_matrix":[0.0,0.0,0.9999999999999996,0.0,1.2246467991473532e-16,0.9999999999999998,1.1102230246251565e-16,0.0,-1.0000000000000002,1.2246467991473532e-16,2.465190328815662e-32,0.0,1.5791167642528292,0.6166018445099775,-2.5184926533815872,1.0]}],"settings":{"inputs":[{"name":"componentPosition","index":0,"type":"doubleMatrix"}],"outputs":[{"name":"outputMatrix001","index":0,"type":"doubleMatrix"},{"name":"outputMatrix002","index":1,"type":"doubleMatrix"},{"name":"outputMatrix003","index":2,"type":"doubleMatrix"},{"name":"outputMatrix004","index":3,"type":"doubleMatrix"}],"joints":false,"n_points":4}},"0a38ec47-e9f1-11ef-a747-846993801060":{"name":"MooMoo_backLegBlend_L","cmpt_tag":"components_blend_01","guides_data":{},"settings":{"inputs":[{"name":"cmpt01_wMtx001","index":0,"type":"doubleMatrix"},{"name":"cmpt01_wMtx002","index":1,"type":"doubleMatrix"},{"name":"cmpt01_wMtx003","index":2,"type":"doubleMatrix"},{"name":"cmpt01_wMtx004","index":3,"type":"doubleMatrix"},{"name":"cmpt02_wMtx001","index":4,"type":"doubleMatrix"},{"name":"cmpt02_wMtx002","index":5,"type":"doubleMatrix"},{"name":"cmpt02_wMtx003","index":6,"type":"doubleMatrix"},{"name":"cmpt02_wMtx004","index":7,"type":"doubleMatrix"}],"outputs":[{"name":"outputBlendMatrix001","index":0,"type":"doubleMatrix"},{"name":"outputBlendMatrix002","index":1,"type":"doubleMatrix"},{"name":"outputBlendMatrix003","index":2,"type":"doubleMatrix"},{"name":"outputBlendMatrix004","index":3,"type":"doubleMatrix"}],"joints":true,"blend_attr_name":"FK_IK_blend","n_points":4}},"4abd2f27-e9f1-11ef-a405-846993801060":{"name":"MooMoo_backLegFK_R","cmpt_tag":"fk_chain_01","guides_data":[{"name":"MooMoo_backLegFK_R_FK001","world_matrix":[0.0,-0.9692556418792013,0.24605588935308453,0.0,0.0,-0.24605588935308464,-0.9692556418792013,0.0,1.0,0.0,0.0,0.0,-1.5791167642528303,6.32581936895955,-2.208123058739191,1.0]},{"name":"MooMoo_backLegFK_R_FK002","world_matrix":[0.0,-0.6565796772812785,-0.7542566720826618,0.0,0.0,0.7542566720826618,-0.6565796772812784,0.0,1.0,0.0,0.0,0.0,-1.5791167642528303,3.1703287293490514,-1.4070680819847077,1.0]},{"name":"MooMoo_backLegFK_R_FK003","world_matrix":[0.0,-0.9123605605508052,0.4093876006322372,0.0,0.0,-0.40938760063223717,-0.9123605605508048,0.0,1.0,0.0,0.0,0.0,-1.5791167642528303,1.7572811065052216,-3.0303297124903903,1.0]},{"name":"MooMoo_backLegFK_R_FK004","world_matrix":[0.0,2.7755575615628914e-16,0.9999999999999991,0.0,1.2246467991473527e-16,0.9999999999999993,-4.440892098500626e-16,0.0,-1.0000000000000007,1.2246467991473537e-16,-5.546678239835239e-32,0.0,-1.5791167642528308,0.6166018445099779,-2.518492653381587,1.0]}],"settings":{"inputs":[{"name":"componentPosition","index":0,"type":"doubleMatrix"}],"outputs":[{"name":"outputMatrix001","index":0,"type":"doubleMatrix"},{"name":"outputMatrix002","index":1,"type":"doubleMatrix"},{"name":"outputMatrix003","index":2,"type":"doubleMatrix"},{"name":"outputMatrix004","index":3,"type":"doubleMatrix"}],"joints":false,"n_points":4}},"4abd2f28-e9f1-11ef-9796-846993801060":{"name":"MooMoo_backLegBlend_R","cmpt_tag":"components_blend_01","guides_data":{},"settings":{"inputs":[{"name":"cmpt01_wMtx001","index":0,"type":"doubleMatrix"},{"name":"cmpt01_wMtx002","index":1,"type":"doubleMatrix"},{"name":"cmpt01_wMtx003","index":2,"type":"doubleMatrix"},{"name":"cmpt01_wMtx004","index":3,"type":"doubleMatrix"},{"name":"cmpt02_wMtx001","index":4,"type":"doubleMatrix"},{"name":"cmpt02_wMtx002","index":5,"type":"doubleMatrix"},{"name":"cmpt02_wMtx003","index":6,"type":"doubleMatrix"},{"name":"cmpt02_wMtx004","index":7,"type":"doubleMatrix"}],"outputs":[{"name":"outputBlendMatrix001","index":0,"type":"doubleMatrix"},{"name":"outputBlendMatrix002","index":1,"type":"doubleMatrix"},{"name":"outputBlendMatrix003","index":2,"type":"doubleMatrix"},{"name":"outputBlendMatrix004","index":3,"type":"doubleMatrix"}],"joints":true,"blend_attr_name":"FK_IK_blend","n_points":4}},"76f55749-e9f1-11ef-8ecb-846993801060":{"name":"MooMoo_frontLegFK_R","cmpt_tag":"fk_chain_01","guides_data":[{"name":"MooMoo_frontLegFK_R_FK001","world_matrix":[-4.4408920985005847e-16,-0.9980228219181079,0.06285258093823906,0.0,7.7715611723761e-16,0.06285258093823967,0.9980228219181176,0.0,1.000000000000004,-5.551115123125804e-16,-7.771561172376127e-16,0.0,-1.6143184495660714,3.2432287517522513,3.0321239243873235,1.0]},{"name":"MooMoo_frontLegFK_R_FK002","world_matrix":[-5.241452128003364e-16,-0.9990517310765168,-0.043538932381328464,0.0,7.255747051569591e-16,-0.04353893238133112,0.9990517310766249,0.0,1.0000000000000042,-5.551115123125805e-16,-7.771561172376129e-16,0.0,-1.6143184495660712,1.7686550434424833,3.124988297140658,1.0]},{"name":"MooMoo_frontLegFK_R_FK003","world_matrix":[7.494566423684502e-16,0.003564633894798802,0.999993646672322,0.0,4.893890048569533e-16,0.999993646672606,-0.0035646338948079545,0.0,0.9999999999999053,-5.551115123125256e-16,-7.77156117237536e-16,0.0,-1.6143184495660736,0.5385381510618827,3.0713794853719443,1.0]}],"settings":{"inputs":[{"name":"componentPosition","index":0,"type":"doubleMatrix"}],"outputs":[{"name":"outputMatrix001","index":0,"type":"doubleMatrix"},{"name":"outputMatrix002","index":1,"type":"doubleMatrix"},{"name":"outputMatrix003","index":2,"type":"doubleMatrix"}],"joints":false,"n_points":3}},"76f5574a-e9f1-11ef-bf46-846993801060":{"name":"MooMoo_frontLegBlend_R","cmpt_tag":"components_blend_01","guides_data":{},"settings":{"inputs":[{"name":"cmpt01_wMtx001","index":0,"type":"doubleMatrix"},{"name":"cmpt01_wMtx002","index":1,"type":"doubleMatrix"},{"name":"cmpt01_wMtx003","index":2,"type":"doubleMatrix"},{"name":"cmpt02_wMtx001","index":3,"type":"doubleMatrix"},{"name":"cmpt02_wMtx002","index":4,"type":"doubleMatrix"},{"name":"cmpt02_wMtx003","index":5,"type":"doubleMatrix"}],"outputs":[{"name":"outputBlendMatrix001","index":0,"type":"doubleMatrix"},{"name":"outputBlendMatrix002","index":1,"type":"doubleMatrix"},{"name":"outputBlendMatrix003","index":2,"type":"doubleMatrix"}],"joints":true,"blend_attr_name":"FK_IK_blend","n_points":3}},"a87ce2f7-e9f1-11ef-8dda-846993801060":{"name":"MooMoo_frontLegFK_L","cmpt_tag":"fk_chain_01","guides_data":[{"name":"MooMoo_frontLegFK_L_FK001","world_matrix":[4.4408920985005833e-16,-0.9980228219181074,0.06285258093823891,0.0,-5.551115123125784e-16,0.06285258093823967,0.9980228219181175,0.0,-1.0000000000000029,-3.330669073875479e-16,-4.44089209850064e-16,0.0,1.6143184495660714,3.2432287517522513,3.0321239243873235,1.0]},{"name":"MooMoo_frontLegFK_L_FK002","world_matrix":[5.005538999088099e-16,-0.9990517310765304,-0.0435389323813293,0.0,-5.04786896316945e-16,-0.043538932381330706,0.9990517310766144,0.0,-1.0000000000000007,-3.330669073875472e-16,-4.44089209850063e-16,0.0,1.6143184495660714,1.7686550434424828,3.124988297140659,1.0]},{"name":"MooMoo_frontLegFK_L_FK003","world_matrix":[-5.278027187990406e-16,0.0035646338948002593,0.9999936466723574,0.0,-4.762229597946359e-16,0.9999936466725201,-0.0035646338948064973,0.0,-0.9999999999999553,-3.3306690738753207e-16,-4.4408920985004285e-16,0.0,1.6143184495660725,0.5385381510618841,3.0713794853719447,1.0]}],"settings":{"inputs":[{"name":"componentPosition","index":0,"type":"doubleMatrix"}],"outputs":[{"name":"outputMatrix001","index":0,"type":"doubleMatrix"},{"name":"outputMatrix002","index":1,"type":"doubleMatrix"},{"name":"outputMatrix003","index":2,"type":"doubleMatrix"}],"joints":false,"n_points":3}},"a87ce2f8-e9f1-11ef-9b54-846993801060":{"name":"MooMoo_frontLegBlend_L","cmpt_tag":"components_blend_01","guides_data":{},"settings":{"inputs":[{"name":"cmpt01_wMtx001","index":0,"type":"doubleMatrix"},{"name":"cmpt01_wMtx002","index":1,"type":"doubleMatrix"},{"name":"cmpt01_wMtx003","index":2,"type":"doubleMatrix"},{"name":"cmpt02_wMtx001","index":3,"type":"doubleMatrix"},{"name":"cmpt02_wMtx002","index":4,"type":"doubleMatrix"},{"name":"cmpt02_wMtx003","index":5,"type":"doubleMatrix"}],"outputs":[{"name":"outputBlendMatrix001","index":0,"type":"doubleMatrix"},{"name":"outputBlendMatrix002","index":1,"type":"doubleMatrix"},{"name":"outputBlendMatrix003","index":2,"type":"doubleMatrix"}],"joints":true,"blend_attr_name":"FK_IK_blend","n_points":3}},"857e97db-ee48-11ef-9ad2-c85ea9f620a6":{"name":"MooMoo_nail_M","cmpt_tag":"single_point_01","guides_data":[{"name":"MooMoo_nail_M_point","world_matrix":[0.0,-0.6672347686941379,-0.7448474766324179,0.0,0.0,0.7448474766324179,-0.6672347686941379,0.0,1.0,0.0,0.0,0.0,0.0,7.033665891007814,-2.864887101684398,1.0]}],"settings":{"inputs":[{"name":"componentPosition","index":0,"type":"doubleMatrix"}],"outputs":[{"name":"outputWorldMatrix","index":0,"type":"doubleMatrix"}],"joints":true,"create_control":true,"movable_pivot":false}},"67490758-ef91-11ef-a6ff-a86e8487d4d6":{"name":"MooMoo_uddersMaster_M","cmpt_tag":"single_point_01","guides_data":[{"name":"MooMoo_uddersMaster_M_point","world_matrix":[4.4408920985006247e-16,-0.9983645284334147,-0.057168770897445244,0.0,7.216449660063516e-16,-0.0571687708974453,0.9983645284334147,0.0,-1.0000000000000078,-4.996003610813243e-16,6.661338147750991e-16,0.0,8.864553724507002e-17,2.8098502779970564,-0.8676459233229299,1.0]}],"settings":{"inputs":[{"name":"componentPosition","index":0,"type":"doubleMatrix"}],"outputs":[{"name":"outputWorldMatrix","index":0,"type":"doubleMatrix"}],"joints":true,"create_control":true,"movable_pivot":false}},"82cbf01d-ef9b-11ef-a87b-a86e8487d4d6":{"name":"MooMoo_teat_LF","cmpt_tag":"fk_chain_01","guides_data":[{"name":"MooMoo_teat_LF_FK001","world_matrix":[0.31869932494044834,-0.9005181100858127,0.2958003950132209,0.0,0.8084073841206322,0.4211730214747406,0.41120650199270076,0.0,-0.49488204815060555,0.10807598895829082,0.8622130473548572,0.0,0.47910164043736925,2.3129965571363025,-0.23991901177333724,1.0]},{"name":"MooMoo_teat_LF_FK002","world_matrix":[0.3186993249404488,-0.900518110085814,0.2958003950132213,0.0,0.8084073841206328,0.421173021474741,0.41120650199270115,0.0,-0.4948820481506062,0.10807598895829096,0.8622130473548583,0.0,0.5460403206439262,2.123854349814338,-0.17778995627418698,1.0]},{"name":"MooMoo_teat_LF_FK003","world_matrix":[0.3186993249404485,-0.9005181100858132,0.29580039501322103,0.0,0.8084073841206323,0.4211730214747407,0.41120650199270087,0.0,-0.4948820481506059,0.10807598895829089,0.8622130473548577,0.0,0.5993950692875903,1.97309495482137,-0.12826881051220274,1.0]}],"settings":{"inputs":[{"name":"componentPosition","index":0,"type":"doubleMatrix"}],"outputs":[{"name":"outputMatrix001","index":0,"type":"doubleMatrix"},{"name":"outputMatrix002","index":1,"type":"doubleMatrix"},{"name":"outputMatrix003","index":2,"type":"doubleMatrix"}],"joints":true,"n_points":3}},"10c8cd55-ef9c-11ef-a995-a86e8487d4d6":{"name":"MooMoo_teat_LBa","cmpt_tag":"fk_chain_01","guides_data":[{"name":"MooMoo_teat_LBa_FK001","world_matrix":[0.3324976119428109,-0.8456218066517369,-0.41757526048291166,0.0,0.5438763746325377,0.5336525723124624,-0.6476213563347478,0.0,0.7704828532607936,-0.011776764383215893,0.6373519284129984,0.0,0.5510176597446405,2.386143806098742,-1.4178776902672288,1.0]},{"name":"MooMoo_teat_LBa_FK002","world_matrix":[0.33249761194281297,-0.8456218066517421,-0.41757526048291427,0.0,0.5438763746325397,0.5336525723124644,-0.6476213563347503,0.0,0.7704828532607967,-0.01177676438321594,0.6373519284130009,0.0,0.6362430856029653,2.1693949453599175,-1.5249101263638727,1.0]},{"name":"MooMoo_teat_LBa_FK003","world_matrix":[0.33249761194281235,-0.8456218066517406,-0.41757526048291355,0.0,0.5438763746325385,0.5336525723124632,-0.6476213563347488,0.0,0.7704828532607954,-0.011776764383215921,0.6373519284129998,0.0,0.6945191838505116,2.021184739588051,-1.598097590067623,1.0]}],"settings":{"inputs":[{"name":"componentPosition","index":0,"type":"doubleMatrix"}],"outputs":[{"name":"outputMatrix001","index":0,"type":"doubleMatrix"},{"name":"outputMatrix002","index":1,"type":"doubleMatrix"},{"name":"outputMatrix003","index":2,"type":"doubleMatrix"}],"joints":true,"n_points":3}},"5d7b15d8-ef9c-11ef-9cfd-a86e8487d4d6":{"name":"MooMoo_teat_RBa","cmpt_tag":"fk_chain_01","guides_data":[{"name":"MooMoo_teat_RBa_FK001","world_matrix":[-0.33249761194281063,-0.8456218066517375,-0.4175752604829119,0.0,-0.5438763746325378,0.5336525723124621,-0.6476213563347475,0.0,-0.7704828532607938,-0.011776764383216178,0.6373519284129988,0.0,-0.5510176597446405,2.386143806098742,-1.4178776902672288,1.0]},{"name":"MooMoo_teat_RBa_FK002","world_matrix":[-0.33249761194281147,-0.8456218066517396,-0.4175752604829129,0.0,-0.5438763746325416,0.5336525723124658,-0.6476213563347519,0.0,-0.7704828532607966,-0.01177676438321622,0.637351928413001,0.0,-0.6362430856029655,2.169394945359918,-1.524910126363873,1.0]},{"name":"MooMoo_teat_RBa_FK003","world_matrix":[-0.33249761194281,-0.8456218066517359,-0.41757526048291105,0.0,-0.5438763746325415,0.5336525723124657,-0.6476213563347518,0.0,-0.7704828532607952,-0.011776764383216199,0.6373519284129999,0.0,-0.6945191838505118,2.0211847395880516,-1.5980975900676224,1.0]}],"settings":{"inputs":[{"name":"componentPosition","index":0,"type":"doubleMatrix"}],"outputs":[{"name":"outputMatrix001","index":0,"type":"doubleMatrix"},{"name":"outputMatrix002","index":1,"type":"doubleMatrix"},{"name":"outputMatrix003","index":2,"type":"doubleMatrix"}],"joints":true,"n_points":3}},"99953ee3-ef9c-11ef-8e83-a86e8487d4d6":{"name":"MooMoo_teat_RF","cmpt_tag":"fk_chain_01","guides_data":[{"name":"MooMoo_teat_RF_FK001","world_matrix":[-0.3186993249404491,-0.9005181100858125,0.29580039501322075,0.0,-0.8084073841206322,0.4211730214747414,0.4112065019927009,0.0,0.4948820481506055,0.10807598895829028,0.8622130473548569,0.0,-0.47910164043736925,2.3129965571363025,-0.23991901177333724,1.0]},{"name":"MooMoo_teat_RF_FK002","world_matrix":[-0.31869932494044934,-0.9005181100858131,0.295800395013221,0.0,-0.808407384120632,0.4211730214747413,0.4112065019927008,0.0,0.49488204815060594,0.10807598895829038,0.8622130473548577,0.0,-0.546040320643926,2.123854349814338,-0.1777899562741869,1.0]},{"name":"MooMoo_teat_RF_FK003","world_matrix":[-0.3186993249404493,-0.900518110085813,0.2958003950132209,0.0,-0.8084073841206314,0.421173021474741,0.41120650199270053,0.0,0.49488204815060594,0.10807598895829038,0.8622130473548577,0.0,-0.5993950692875908,1.97309495482137,-0.1282688105122029,1.0]}],"settings":{"inputs":[{"name":"componentPosition","index":0,"type":"doubleMatrix"}],"outputs":[{"name":"outputMatrix001","index":0,"type":"doubleMatrix"},{"name":"outputMatrix002","index":1,"type":"doubleMatrix"},{"name":"outputMatrix003","index":2,"type":"doubleMatrix"}],"joints":true,"n_points":3}},"024189f4-f450-11ef-9a2f-846993801060":{"name":"MooMoo_backFootIK_L","cmpt_tag":"foot_roll_01","guides_data":[{"name":"MooMoo_backFootIK_L_heel","world_matrix":[0.0,0.0,1.0,0.0,0.0,1.0,0.0,0.0,-1.0,0.0,0.0,0.0,1.5846604454956525,0.0,-2.9864171561684927,1.0]},{"name":"MooMoo_backFootIK_L_tip","world_matrix":[0.0,0.0,1.0,0.0,0.0,1.0,0.0,0.0,-1.0,0.0,0.0,0.0,1.5846604454956525,0.0,-1.9247973415933997,1.0]},{"name":"MooMoo_backFootIK_L_phalanges","world_matrix":[0.0,0.0,1.0,0.0,0.0,1.0,0.0,0.0,-1.0,0.0,0.0,0.0,1.5846604454956525,0.0,-2.3338541655540856,1.0]},{"name":"MooMoo_backFootIK_L_ankle","world_matrix":[0.0,0.0,1.0,0.0,0.0,1.0,0.0,0.0,-1.0,0.0,0.0,0.0,1.5846604454956525,0.6166018445099786,-2.5184926533815872,1.0]},{"name":"MooMoo_backFootIK_L_posBank","world_matrix":[0.0,0.0,1.0,0.0,0.0,1.0,0.0,0.0,-1.0,0.0,0.0,0.0,1.1046604454956526,0.0,-2.3345421364216614,1.0]},{"name":"MooMoo_backFootIK_L_negBank","world_matrix":[0.0,0.0,1.0,0.0,0.0,1.0,0.0,0.0,-1.0,0.0,0.0,0.0,2.089227207123536,0.0,-2.3345421364216614,1.0]}],"settings":{"inputs":[{"name":"componentPosition","index":0,"type":"doubleMatrix"},{"name":"footRoll","index":1,"type":"double"},{"name":"bendStartAngle","index":2,"type":"angle"},{"name":"bank","index":3,"type":"double"},{"name":"heelTwist","index":4,"type":"double"},{"name":"tipTwist","index":5,"type":"double"}],"outputs":[{"name":"ankleOutputMatrix","index":0,"type":"doubleMatrix"},{"name":"phalanxOutputMatrix","index":1,"type":"doubleMatrix"},{"name":"ankleOffsetMatrix","index":2,"type":"doubleMatrix"}],"joints":false,"tweaks":true,"phalanges":false}},"23668a77-f452-11ef-89cb-846993801060":{"name":"MooMoo_backFootIK_R","cmpt_tag":"foot_roll_01","guides_data":[{"name":"MooMoo_backFootIK_R_heel","world_matrix":[0.0,0.0,1.0,0.0,0.0,1.0,0.0,0.0,-1.0,0.0,0.0,0.0,-1.5846604454956525,0.0,-2.9864171561684927,1.0]},{"name":"MooMoo_backFootIK_R_tip","world_matrix":[0.0,0.0,1.0,0.0,0.0,1.0,0.0,0.0,-1.0,0.0,0.0,0.0,-1.5846604454956525,0.0,-1.9247973415933997,1.0]},{"name":"MooMoo_backFootIK_R_phalanges","world_matrix":[0.0,0.0,1.0,0.0,0.0,1.0,0.0,0.0,-1.0,0.0,0.0,0.0,-1.5846604454956525,0.0,-2.3338541655540856,1.0]},{"name":"MooMoo_backFootIK_R_ankle","world_matrix":[0.0,0.0,1.0,0.0,0.0,1.0,0.0,0.0,-1.0,0.0,0.0,0.0,-1.5846604454956525,0.6166018445099786,-2.5184926533815872,1.0]},{"name":"MooMoo_backFootIK_R_posBank","world_matrix":[0.0,0.0,1.0,0.0,0.0,1.0,0.0,0.0,-1.0,0.0,0.0,0.0,-2.0646604454956528,0.0,-2.3345421364216614,1.0]},{"name":"MooMoo_backFootIK_R_negBank","world_matrix":[0.0,0.0,1.0,0.0,0.0,1.0,0.0,0.0,-1.0,0.0,0.0,0.0,-1.0800936838677693,0.0,-2.3345421364216614,1.0]}],"settings":{"inputs":[{"name":"componentPosition","index":0,"type":"doubleMatrix"},{"name":"footRoll","index":1,"type":"double"},{"name":"bendStartAngle","index":2,"type":"angle"},{"name":"bank","index":3,"type":"double"},{"name":"heelTwist","index":4,"type":"double"},{"name":"tipTwist","index":5,"type":"double"}],"outputs":[{"name":"ankleOutputMatrix","index":0,"type":"doubleMatrix"},{"name":"phalanxOutputMatrix","index":1,"type":"doubleMatrix"},{"name":"ankleOffsetMatrix","index":2,"type":"doubleMatrix"}],"joints":false,"tweaks":true,"phalanges":false}},"5cba4627-f485-11ef-8f0b-c85ea9f620a6":{"name":"MooMoo_neck_M","cmpt_tag":"fk_chain_01","guides_data":[{"name":"MooMoo_neck_M_FK001","world_matrix":[-0.0001226217998617766,0.8480300666200898,0.52994810224418,0.0,-8.021675381242327e-05,0.5299480961818281,-0.8480300754799502,0.0,-0.9999999892645881,-0.00014649769064328867,3.043029692451086e-06,0.0,0.0,5.861193257797889,3.6568527380103633,1.0]},{"name":"MooMoo_neck_M_FK002","world_matrix":[-0.00012262179986177727,0.8480300666200945,0.5299481022441829,0.0,-8.021675381242325e-05,0.529948096181828,-0.84803007547995,0.0,-0.9999999892645881,-0.00014649769064328867,3.043029692451086e-06,0.0,-0.00011586564000888065,6.662498951622187,4.15760200206906,1.0]}],"settings":{"inputs":[{"name":"componentPosition","index":0,"type":"doubleMatrix"}],"outputs":[{"name":"outputMatrix001","index":0,"type":"doubleMatrix"},{"name":"outputMatrix002","index":1,"type":"doubleMatrix"}],"joints":false,"n_points":2}},"6f95c104-f8e7-11ef-a70b-846993801060":{"name":"MooMoo_frontFootIK_L","cmpt_tag":"foot_roll_01","guides_data":[{"name":"MooMoo_frontFootIK_L_heel","world_matrix":[0.0,0.0,1.0,0.0,0.0,1.0,0.0,0.0,-1.0,0.0,0.0,0.0,1.6188150962480639,0.0,2.624796975167254,1.0]},{"name":"MooMoo_frontFootIK_L_tip","world_matrix":[0.0,0.0,1.0,0.0,0.0,1.0,0.0,0.0,-1.0,0.0,0.0,0.0,1.6188150962480639,0.0,3.6519008779832567,1.0]},{"name":"MooMoo_frontFootIK_L_phalanges","world_matrix":[0.0,0.0,1.0,0.0,0.0,1.0,0.0,0.0,-1.0,0.0,0.0,0.0,1.6188150962480639,0.0,3.3127945562907284,1.0]},{"name":"MooMoo_frontFootIK_L_ankle","world_matrix":[0.0,0.0,1.0,0.0,0.0,1.0,0.0,0.0,-1.0,0.0,0.0,0.0,1.6188150962480639,0.5385381510618836,3.0713794853719447,1.0]},{"name":"MooMoo_frontFootIK_L_posBank","world_matrix":[0.0,0.0,1.0,0.0,0.0,1.0,0.0,0.0,-1.0,0.0,0.0,0.0,1.125391447343394,0.0,3.2490082976125314,1.0]},{"name":"MooMoo_frontFootIK_L_negBank","world_matrix":[0.0,0.0,1.0,0.0,0.0,1.0,0.0,0.0,-1.0,0.0,0.0,0.0,2.0878231879128326,0.0,3.2406537049155024,1.0]}],"settings":{"inputs":[{"name":"componentPosition","index":0,"type":"doubleMatrix"},{"name":"footRoll","index":1,"type":"double"},{"name":"bendStartAngle","index":2,"type":"angle"},{"name":"bank","index":3,"type":"double"},{"name":"heelTwist","index":4,"type":"double"},{"name":"tipTwist","index":5,"type":"double"}],"outputs":[{"name":"ankleOutputMatrix","index":0,"type":"doubleMatrix"},{"name":"phalanxOutputMatrix","index":1,"type":"doubleMatrix"},{"name":"ankleOffsetMatrix","index":2,"type":"doubleMatrix"}],"joints":false,"tweaks":true,"phalanges":false}},"e9344d6e-f8e7-11ef-bcca-846993801060":{"name":"MooMoo_frontFootIK_R","cmpt_tag":"foot_roll_01","guides_data":[{"name":"MooMoo_frontFootIK_R_heel","world_matrix":[0.0,0.0,1.0,0.0,0.0,1.0,0.0,0.0,-1.0,0.0,0.0,0.0,-1.6188150962480639,0.0,2.624796975167254,1.0]},{"name":"MooMoo_frontFootIK_R_tip","world_matrix":[0.0,0.0,1.0,0.0,0.0,1.0,0.0,0.0,-1.0,0.0,0.0,0.0,-1.6188150962480639,0.0,3.6519008779832567,1.0]},{"name":"MooMoo_frontFootIK_R_phalanges","world_matrix":[0.0,0.0,1.0,0.0,0.0,1.0,0.0,0.0,-1.0,0.0,0.0,0.0,-1.6188150962480639,0.0,3.3127945562907284,1.0]},{"name":"MooMoo_frontFootIK_R_ankle","world_matrix":[0.0,0.0,1.0,0.0,0.0,1.0,0.0,0.0,-1.0,0.0,0.0,0.0,-1.6188150962480639,0.5385381510618836,3.0713794853719447,1.0]},{"name":"MooMoo_frontFootIK_R_posBank","world_matrix":[0.0,0.0,1.0,0.0,0.0,1.0,0.0,0.0,-1.0,0.0,0.0,0.0,-2.112238745152734,0.0,3.2490082976125314,1.0]},{"name":"MooMoo_frontFootIK_R_negBank","world_matrix":[0.0,0.0,1.0,0.0,0.0,1.0,0.0,0.0,-1.0,0.0,0.0,0.0,-1.149807004583295,0.0,3.2406537049155024,1.0]}],"settings":{"inputs":[{"name":"componentPosition","index":0,"type":"doubleMatrix"},{"name":"footRoll","index":1,"type":"double"},{"name":"bendStartAngle","index":2,"type":"angle"},{"name":"bank","index":3,"type":"double"},{"name":"heelTwist","index":4,"type":"double"},{"name":"tipTwist","index":5,"type":"double"}],"outputs":[{"name":"ankleOutputMatrix","index":0,"type":"doubleMatrix"},{"name":"phalanxOutputMatrix","index":1,"type":"doubleMatrix"},{"name":"ankleOffsetMatrix","index":2,"type":"doubleMatrix"}],"joints":false,"tweaks":true,"phalanges":false}},"6b2e34da-fdb2-11ef-8eab-846993801060":{"name":"MooMoo_frontLegIK_L","cmpt_tag":"two_bone_ik_01","guides_data":[{"name":"MooMoo_frontLegIK_L_start","world_matrix":[3.3306690738754395e-16,-0.9980228219181083,0.06285258093823892,0.0,-4.996003610813211e-16,0.06285258093823949,0.9980228219181184,0.0,-1.0000000000000047,-4.996003610813228e-16,-6.661338147750969e-16,0.0,1.6143184495660714,3.2432287517522513,3.0321239243873235,1.0]},{"name":"MooMoo_frontLegIK_L_mid","world_matrix":[3.8426216726593724e-16,-0.9990517310765425,-0.04353893238132993,0.0,-4.613856005527069e-16,-0.04353893238133055,0.9990517310766048,0.0,-0.999999999999999,-4.9960036108131995e-16,-6.661338147750931e-16,0.0,1.6143184495660718,1.7686550434424835,3.124988297140659,1.0]},{"name":"MooMoo_frontLegIK_L_end","world_matrix":[-4.789722604378292e-16,0.003564633894801085,0.9999936466723769,0.0,-3.6210448674430866e-16,0.9999936466724585,-0.003564633894805158,0.0,-0.9999999999999979,-4.996003610813194e-16,-6.661338147750924e-16,0.0,1.6143184495660723,0.5385381510618839,3.0713794853719443,1.0]}],"settings":{"inputs":[{"name":"componentPosition","index":0,"type":"doubleMatrix"},{"name":"start_wMtx","index":1,"type":"doubleMatrix"},{"name":"endPos_offsetMtx","index":2,"type":"doubleMatrix"}],"outputs":[{"name":"startOutputMatrix","index":0,"type":"doubleMatrix"},{"name":"midOutputMatrix","index":1,"type":"doubleMatrix"},{"name":"endOutputMatrix","index":2,"type":"doubleMatrix"}],"joints":false,"root_control":true,"neutralise_end_rotation":true,"pole_vector_distance":5,"min_length_percentage":0.1,"pop_removal_percentage":1e-06}},"fcd39e15-fdb2-11ef-bdd3-846993801060":{"name":"MooMoo_frontLegIK_R","cmpt_tag":"two_bone_ik_01","guides_data":[{"name":"MooMoo_frontLegIK_R_start","world_matrix":[-4.4408920985005823e-16,-0.9980228219181072,0.0628525809382389,0.0,3.330669073875469e-16,0.06285258093823966,0.9980228219181173,0.0,1.0000000000000027,-5.5511151231257975e-16,-4.440892098500639e-16,0.0,-1.6143184495660714,3.2432287517522513,3.0321239243873235,1.0]},{"name":"MooMoo_frontLegIK_R_mid","world_matrix":[-4.769625870172761e-16,-0.9990517310765302,-0.043538932381329325,0.0,2.840166116835494e-16,-0.04350222596152637,0.9990533307518668,0.0,1.000000000000001,-5.551115123125789e-16,-4.440892098500632e-16,0.0,-1.614318449566072,1.7686550434424837,3.124988297140659,1.0]},{"name":"MooMoo_frontLegIK_R_end","world_matrix":[3.061662999875595e-16,0.003601299577211267,0.9999952445722627,0.0,4.630456199256382e-16,0.9999933840969953,-0.0036013270710470377,0.0,0.9999984018441771,-5.551106251578825e-16,-4.440885001263061e-16,0.0,-1.6143184495660727,0.5385381510618839,3.0713794853719447,1.0]}],"settings":{"inputs":[{"name":"componentPosition","index":0,"type":"doubleMatrix"},{"name":"start_wMtx","index":1,"type":"doubleMatrix"},{"name":"endPos_offsetMtx","index":2,"type":"doubleMatrix"}],"outputs":[{"name":"startOutputMatrix","index":0,"type":"doubleMatrix"},{"name":"midOutputMatrix","index":1,"type":"doubleMatrix"},{"name":"endOutputMatrix","index":2,"type":"doubleMatrix"}],"joints":false,"root_control":true,"neutralise_end_rotation":true,"pole_vector_distance":5,"min_length_percentage":0.1,"pop_removal_percentage":1e-06}},"3e5a0124-fdcb-11ef-bd04-846993801060":{"name":"MooMoo_shoulder_L","cmpt_tag":"single_point_01","guides_data":[{"name":"MooMoo_shoulder_L_point","world_matrix":[4.440892098500583e-16,-0.9999027842264231,0.01394353241570759,0.0,-4.440892098500626e-16,0.013943532415707671,0.9999027842264329,0.0,-1.0000000000000016,-4.440892098500633e-16,-4.440892098500633e-16,0.0,1.6143184495660707,5.360733107654485,2.977889829995488,1.0]}],"settings":{"inputs":[{"name":"compo